0 12.3966 12.9144 12.9742 12.3875 12.678 12.6714 13.027 12.8644 13.0406 12.6589 13.1651 12.7651 12.769 12.5454 13.3117 13.4932 12.5586 12.6538 12.9216 13.0138 12.9835 13.3574 13.0187 12.8727 12.7749 12.8959 13.1668 12.6828 13.0264 12.8328 13.0138 12.8954 12.7703 12.9011 12.7583 12.7738 12.9012 12.6968 12.797 13.017 12.7492 13.0651 12.9453 12.763 12.7478 12.6166 12.2122 12.9435 12.8811 12.6141 12.6692 13.0516 13.1862 13.1149 12.8898 13.2417 13.0965 13.2344 12.8695 12.7143 12.7022 12.6393 12.9127 12.8096 13.0913 13.4718 12.9635 13.2599 12.9088 12.5807 12.3984 12.4484 12.8752 12.6761 13.0473 12.842 12.757 13.2548 13.0964 13.0343 12.7915 12.8852 12.7175 12.996 13.0041 12.8211 12.8497 12.6017 13.0221 13.1519 12.9786 12.5712 12.7969 12.9533 12.6945 12.7396 12.9771 13.2153 12.8958 
12.3966 0 12.9634 12.6592 13.1399 12.7002 12.8028 13.0643 11.9541 12.9817 12.4378 12.6239 12.6466 12.8258 12.4314 12.8887 13.1689 12.983 12.4734 13.2638 12.4748 12.9808 13.0048 12.6789 12.6677 12.7272 12.5449 13.0754 12.8796 12.5473 12.8243 13.0699 12.9749 12.3941 12.6956 12.6027 13.2203 12.8739 12.6369 12.6279 12.5464 12.5752 13.1896 12.7331 12.8616 12.375 12.8456 12.7665 13.1666 12.6564 12.5557 12.4297 12.7452 12.714 12.6086 12.8497 12.7356 12.8731 12.705 13.0663 12.8311 12.6224 12.4711 13.0521 13.0522 12.5639 12.7664 12.9095 13.0132 12.6967 12.4116 12.4402 12.6771 12.8843 12.5583 12.7751 12.5876 12.6386 13.0267 12.7618 12.7451 12.5262 12.3951 12.4296 12.5736 12.8575 12.9134 12.7608 12.7869 12.5567 12.6285 12.5443 12.9154 12.5177 12.7387 12.7435 12.5469 12.7922 13.1612 12.6554 
12.9144 12.9634 0 12.4656 13.0053 12.6594 12.7865 12.9538 12.4927 12.6616 12.5061 12.9299 12.5561 12.6435 12.6636 13.1756 13.2561 12.8211 12.5566 12.5783 13.0911 13.1445 13.0685 12.8651 12.6269 12.8162 12.7765 12.6694 12.5901 13.004 12.6373 12.7032 13.0775 12.929 12.6914 12.8852 13.0027 13.1573 12.6591 12.7941 12.4847 12.7613 12.9306 12.8959 12.7648 12.9791 12.7636 12.8187 12.8803 12.5494 12.837 12.5854 12.6746 12.5744 12.8493 12.8123 12.9023 12.3285 12.6918 12.76 12.7861 12.9182 12.4267 12.5814 12.5934 12.3787 13.3405 13.1499 12.8735 13.2059 13.0369 12.7548 12.636 12.7248 13.031 12.9793 12.7122 12.5598 12.9677 12.7065 12.7639 12.7365 12.6952 12.66 12.5788 12.3995 12.9106 12.8458 12.9594 12.9734 13.0166 12.7144 12.7228 12.9769 12.3977 12.9391 12.9724 13.038 12.8861 13.0462 
12.9742 12.6592 12.4656 0 12.7711 12.634 12.6077 12.4752 12.5447 13.0104 12.4823 12.9512 12.6073 13.031 12.7711 12.7053 12.878 12.3725 12.7301 12.7349 12.4477 12.6135 12.7369 12.8577 12.5234 12.8772 12.5057 13.078 12.8403 12.6746 12.734 12.7999 12.7552 12.7372 12.889 13.0299 13.079 12.9744 12.4867 12.5765 12.6412 12.6845 13.1353 12.8685 12.6286 12.8371 12.9678 12.7469 13.224 12.42 13.0792 12.6345 12.4081 13.1294 12.9796 12.5909 12.7551 12.9957 13.0428 12.1847 12.6045 12.5291 12.3414 12.8503 13.0292 12.6808 13.3805 12.5783 12.9311 12.6368 12.742 12.8349 13.1827 12.7087 13.0916 12.9749 12.6306 12.9091 13.3366 12.8042 12.4761 12.7915 12.6034 12.3206 12.4842 12.9454 12.8875 12.9385 13.2567 12.6969 13.0439 12.5504 12.7947 12.8608 12.907 12.5409 12.8265 13.0348 12.7715 12.8394 
12.3875 13.1399 13.0053 12.7711 0 12.4681 12.7204 13.0529 13.0367 12.9774 12.8181 13.3644 12.8836 12.9348 12.7344 13.1655 13.5113 12.8794 12.8653 13.1764 12.6156 13.209 13.0332 12.9326 12.8082 12.9772 12.9301 12.9171 12.9719 13.3047 12.7793 13.118 13.1221 12.7018 12.8286 12.7119 13.3098 13.1056 12.9249 12.6545 12.4674 13.1194 12.9811 12.6075 12.7947 12.6436 13.3833 12.968 12.9792 13.0882 12.9125 12.7244 13.1482 12.7953 13.2179 13.0859 13.1564 13.0919 12.7866 12.8421 12.5966 13.159 12.694 12.8596 12.634 12.6811 13.2885 12.5361 13.0685 12.8631 13.2577 13.0571 12.6432 12.9749 13.1288 13.1698 13.1496 12.7517 13.0098 13.2583 13.39 12.9038 12.9022 13.0142 12.9869 12.8601 12.7125 12.9359 12.8692 12.9451 13.2142 13.1369 12.7537 13.0035 12.7957 12.8224 12.8888 12.8532 12.7118 12.8502 
12.678 12.7002 12.6594 12.634 12.4681 0 13.1468 12.7294 12.7163 12.8286 11.9697 12.4858 12.9133 12.6918 12.6378 12.9395 12.4467 12.7874 12.7383 12.9438 12.5643 12.9662 12.6382 12.8697 12.6445 13.002 12.6784 12.8054 12.8341 12.861 12.8093 12.9595 13.0323 12.8617 12.8173 12.7432 13.1885 13.0211 12.7148 12.3709 13.0498 12.8418 13.1769 13.0284 12.6216 12.7209 13.1488 12.748 12.6496 12.59 12.1793 12.8684 12.9378 12.1717 12.4241 12.387 12.5701 12.4558 12.9571 12.5712 12.6009 12.697 12.1266 12.9986 12.6432 12.468 12.6553 12.6573 12.7661 12.9296 12.5779 12.2092 12.4725 12.7535 12.5528 12.6838 12.8786 13.1256 12.729 12.8348 12.6948 12.9493 12.5865 12.9524 12.9268 12.5713 12.676 12.5348 12.7733 12.5052 12.9016 12.7786 12.8604 12.605 12.2505 12.4387 12.5738 13.2831 13.1162 12.8888 
12.6714 12.8028 12.7865 12.6077 12.7204 13.1468 0 12.664 12.4239 13.0156 12.5753 12.6019 12.6817 13.0139 12.3746 13.2007 13.3427 13.1725 12.1803 12.6989 12.6609 12.9816 13.1795 12.8652 12.4884 13.06 12.958 13.0931 12.6863 12.9509 12.921 13.1994 12.7844 12.9355 12.6772 13.0627 13.1656 12.8337 12.7188 13.1138 12.6693 12.7077 13.3385 12.7191 13.1261 12.8167 12.7323 12.5075 13.0291 12.8298 12.8211 13.1507 12.7653 12.6312 12.801 12.6174 13.1305 13.0621 12.8905 12.5223 12.7311 12.608 12.4805 13.2121 12.9882 12.7438 13.3603 13.094 13.138 12.8542 12.9538 13.0923 12.6661 12.6725 12.7517 13.0737 12.8363 12.8761 13.2922 13.0223 12.9574 13.0712 12.8053 12.548 12.6422 12.7497 12.6417 12.9401 12.4727 13.0539 13.0349 12.9189 12.7595 12.6946 12.9736 12.592 12.7137 12.6171 12.8852 13.5398 
13.027 13.0643 12.9538 12.4752 13.0529 12.7294 12.664 0 12.6215 12.79 12.6972 12.8718 13.171 13.0805 12.8188 13.0537 12.9 12.9237 12.5962 12.9875 12.6368 12.9206 13.1096 12.4916 12.7219 12.6062 12.9452 12.9066 12.8523 12.687 13.114 13.0865 13.0406 13.0786 12.7834 12.9177 13.216 12.5705 12.6829 12.8656 12.7559 12.49 13.1747 12.6774 12.846 12.6185 13.0418 12.9095 12.9753 12.686 13.0201 12.5074 12.5198 12.839 12.568 12.4021 12.9326 12.7154 12.4229 12.4686 12.7983 12.9959 12.4906 13.1656 13.1528 12.9579 13.3578 12.5484 12.8484 12.9039 12.6869 12.694 13.0812 12.7243 13.1143 12.691 12.53 12.952 13.1054 12.5795 13.1502 12.935 12.5099 12.5424 13.1721 12.8813 12.3616 12.9472 12.9227 12.66 13.0152 12.796 12.7923 13.0607 12.6575 12.7742 12.8656 13.2464 12.9612 12.6923 
12.8644 11.9541 12.4927 12.5447 13.0367 12.7163 12.4239 12.6215 0 12.9645 12.4037 12.3441 12.5046 12.9174 12.734 12.9411 12.8221 12.3687 12.8087 12.8877 12.7725 12.907 12.8266 12.4535 12.5134 12.891 12.4172 13.3653 12.4336 12.8647 12.4702 12.704 12.5614 12.8651 12.9557 12.6458 13.0412 12.7258 12.8804 12.7846 12.5206 12.1883 12.6949 12.8852 12.611 12.652 12.8588 12.6678 12.81 12.7567 13.2462 12.6464 12.5061 12.3234 12.403 12.9012 12.7506 12.6443 13.0677 12.8318 12.1299 12.5539 12.4866 12.6279 12.1539 13.0918 12.9562 12.6029 12.9531 12.6425 12.6204 12.8758 12.6764 12.7169 12.7573 12.9877 12.3248 12.8631 12.9061 12.7505 12.8251 12.4329 12.7156 12.6203 12.2732 12.8343 13.253 12.8027 12.5638 12.7751 13.0661 12.6562 12.8619 12.6413 12.9088 12.5599 12.7856 12.5299 13.1242 12.3966 
13.0406 12.9817 12.6616 13.0104 12.9774 12.8286 13.0156 12.79 12.9645 0 12.8897 12.9237 13.0315 13.0047 12.7691 13.031 13.2311 12.9627 12.7855 13.1042 12.7269 13.0834 13.1874 12.9406 12.6393 13.4235 12.7162 12.7387 12.7443 13.1502 13.3728 12.675 12.7445 13.1865 12.8843 13.1049 13.0615 13.1756 12.9067 13.4052 12.8331 12.8282 13.1875 12.9268 13.0078 13.1262 12.5314 12.5667 12.9372 12.9664 13.0159 13.0146 12.8615 12.7752 12.9997 12.6054 12.8107 13.1011 13.1825 12.7842 12.7925 13.2775 12.4419 13.0386 13.1163 12.8981 13.0361 12.3819 13.2983 12.732 12.9608 13.0269 12.908 12.8011 13.1082 13.1922 12.9773 12.7688 13.4107 13.0829 13.1981 13.0336 12.8092 13.2069 12.3316 12.8888 12.8257 12.8638 12.7389 12.8074 12.8821 12.8605 12.9673 12.9621 12.7605 12.9551 13.0726 13.2383 12.9554 12.8216 
12.6589 12.4378 12.5061 12.4823 12.8181 11.9697 12.5753 12.6972 12.4037 12.8897 0 12.7071 12.5871 12.7971 12.5945 13.1508 12.6312 12.6964 12.6011 12.5947 12.8167 12.8154 12.8211 12.6755 12.2782 13.1926 12.6602 12.3432 12.5032 12.5888 12.6069 12.695 12.8644 12.4928 12.6938 12.8173 13.2581 12.1352 12.4282 12.4629 12.7616 12.5668 12.8889 12.915 12.4794 12.6311 12.6742 12.6178 12.6765 13.0107 12.5934 12.4703 12.8003 12.8937 12.5236 12.5502 12.4791 12.7383 12.5398 12.5568 12.6528 12.4826 12.8701 12.8606 12.8378 12.5981 13.0844 12.3575 13.012 13.0137 12.3156 12.7126 12.5441 12.6739 12.9718 12.8059 12.3488 12.6472 12.9162 12.6928 12.9627 12.482 12.3055 12.6874 12.266 12.6552 12.6263 12.8031 12.2634 12.6407 12.7269 12.6229 12.4832 12.3513 12.469 12.3558 12.4715 13.0481 13.156 12.8921 
13.1651 12.6239 12.9299 12.9512 13.3644 12.4858 12.6019 12.8718 12.3441 12.9237 12.7071 0 13.0916 12.958 12.5228 13.1384 13.1601 12.9256 12.4956 12.8702 13.1739 13.0885 12.9354 12.62 12.7491 13.0012 12.7223 12.9924 12.9649 12.8992 12.7979 12.7425 12.8255 13.2891 13.1948 12.937 13.0907 13.0752 12.9445 13.0054 13.2693 12.5405 12.5696 12.7197 12.6906 12.7208 12.8102 12.8353 13.1723 12.972 13.039 13.0007 12.9612 12.5058 12.8298 12.9973 12.9931 13.0568 13.2528 12.7454 12.3739 12.7773 12.7642 13.1019 13.1234 12.6228 12.974 13.0347 13.2273 13.0294 13.0675 12.8821 12.914 12.8725 12.7808 13.0218 13.0181 13.1828 13.028 12.8573 12.8522 12.4874 12.8016 12.9231 12.5617 13.1388 12.9534 13.0162 12.7081 12.4141 13.2746 13.138 12.6641 13.1508 12.4196 12.7136 12.7767 13.1009 13.2779 13.0493 
12.7651 12.6466 12.5561 12.6073 12.8836 12.9133 12.6817 13.171 12.5046 13.0315 12.5871 13.0916 0 12.8901 12.9982 13.1328 12.912 12.9535 12.574 12.6718 13.103 13.0322 12.6444 13.1264 12.8185 13.0032 12.7947 12.4877 12.7201 13.0666 12.8889 12.8878 12.9049 13.0871 12.4939 13.3436 13.8663 13.2779 12.8149 12.63 12.7791 12.7383 13.2169 13.2127 12.9405 12.3187 13.2034 12.549 13.0499 12.7518 13.0697 12.7311 12.71 13.0052 12.7342 12.9763 13.0569 13.0335 13.0754 12.9673 12.828 13.0001 12.7367 12.7651 13.3133 13.4045 13.1925 12.9468 13.3114 12.905 13.0506 12.9082 13.134 13.0338 12.9579 13.152 12.8667 13.3896 13.2532 12.9855 12.9729 12.7575 12.7721 12.685 12.7959 12.6184 12.798 13.2129 12.6878 12.9836 12.8898 12.5513 12.7878 12.8791 12.7228 12.3336 12.91 13.1482 12.8357 12.9951 
12.769 12.8258 12.6435 13.031 12.9348 12.6918 13.0139 13.0805 12.9174 13.0047 12.7971 12.958 12.8901 0 12.7102 13.2194 12.6115 12.762 13.2058 12.9606 13.1192 13.0141 13.0843 12.9321 13.1143 13.0467 12.5709 13.0751 12.974 13.1397 12.6077 13.0966 12.9711 13.0154 12.9638 13.1474 13.341 12.9537 12.6587 12.9604 13.2896 12.9339 13.5225 12.9268 12.8922 13.0174 13.3885 12.6656 13.0486 13.2217 12.9439 12.7104 12.958 13.1123 12.7561 13.2104 13.204 13.2544 13.07 13.0104 12.937 12.75 12.2064 13.1599 13.0666 12.6895 13.1333 13.1267 13.4247 12.6501 12.5031 12.7232 12.8145 13.4065 12.9275 13.6035 13.2545 13.0362 13.1779 13.0844 13.1295 12.4774 13.0883 13.0116 13.0841 13.1979 12.6629 12.8857 12.9644 12.9155 13.2014 12.7388 12.7285 13.0956 12.1748 12.6369 13.1216 13.0636 13.5577 13.0912 
12.5454 12.4314 12.6636 12.7711 12.7344 12.6378 12.3746 12.8188 12.734 12.7691 12.5945 12.5228 12.9982 12.7102 0 13.0314 12.7238 12.6947 12.5314 12.6818 12.3636 12.7835 13.157 12.6993 12.5285 13.0593 12.8432 12.9429 12.3993 12.6691 12.4618 12.3218 12.9841 12.9033 13.2612 12.8073 13.0287 12.7124 12.4023 12.8239 12.8306 12.6652 13.166 12.7499 12.3004 12.3944 12.389 12.267 12.3789 12.6768 12.9456 12.58 12.9965 12.4157 12.3386 12.4162 12.8936 13.0788 12.3786 12.6554 12.5161 12.9192 12.4091 12.9463 12.8389 12.6927 12.8631 12.6849 12.6458 12.9531 12.3478 12.6202 12.662 12.4903 12.3067 12.7572 12.7222 12.5572 12.8621 12.8613 12.4792 12.4726 12.6449 12.4693 12.1848 12.6092 12.7494 12.6185 12.8648 12.9494 12.6912 12.4072 12.7697 12.7166 12.3637 12.9415 12.7054 12.8163 12.7989 12.8382 
13.3117 12.8887 13.1756 12.7053 13.1655 12.9395 13.2007 13.0537 12.9411 13.031 13.1508 13.1384 13.1328 13.2194 13.0314 0 13.305 13.2175 12.8624 12.95 13.0506 13.3041 12.9075 12.8225 13.0515 13.3807 13.1585 12.7672 13.132 13.1702 12.8695 13.464 13.0067 12.9013 12.7958 12.97 13.2914 13.094 12.6941 12.47 13.3025 12.929 13.2311 12.8722 13.0171 13.3048 13.2752 12.8453 13.2053 13.1035 13.2802 12.9916 13.1608 13.1054 12.8254 12.7627 13.3648 12.6927 12.8813 12.4571 13.1738 12.9151 12.7799 13.1168 13.1801 12.997 13.4057 13.1569 12.9217 13.0116 13.6128 12.9432 12.6933 12.9254 13.1008 13.6303 12.6968 12.6647 13.4326 12.9166 13.0818 12.9982 12.7478 12.9958 12.8999 13.1702 13.1727 13.3976 13.1849 12.8583 13.1436 12.4423 12.7622 13.0417 13.0262 12.9762 13.128 13.1902 12.8366 13.0276 
13.4932 13.1689 13.2561 12.878 13.5113 12.4467 13.3427 12.9 12.8221 13.2311 12.6312 13.1601 12.912 12.6115 12.7238 13.305 0 13.0237 13.1125 13.3826 12.964 13.2499 13.5361 12.7412 13.1227 13.2043 13.1661 13.4431 13.0454 13.0755 12.9946 13.4121 12.9588 12.9385 13.5378 13.3273 13.5064 13.1236 12.8233 12.8695 12.9089 12.9355 13.4338 13.2272 13.004 12.8775 13.0001 12.7321 13.4557 13.209 13.3908 13.1241 12.9915 13.1114 13.0028 12.8149 13.2023 13.08 13.331 12.8947 13.2337 12.8793 12.2697 13.5073 13.1936 13.1917 13.3143 12.8591 13.5901 13.2595 13.0493 13.0196 13.0943 12.6058 13.1739 13.5052 13.2187 13.2377 13.3167 13.235 13.1048 13.1932 13.2385 12.8641 13.2663 13.0814 12.8006 12.9718 13.4756 13.2656 12.6846 12.7321 13.1891 12.9277 13.1254 13.1909 13.1749 13.3418 13.6402 13.4214 
12.5586 12.983 12.8211 12.3725 12.8794 12.7874 13.1725 12.9237 12.3687 12.9627 12.6964 12.9256 12.9535 12.762 12.6947 13.2175 13.0237 0 12.4197 13.1637 12.7429 13.2618 13.3349 12.9727 12.4738 13.0131 12.7143 12.8978 12.8281 12.6833 12.5557 12.6207 12.6335 13.0374 12.8937 12.9707 13.4119 13.066 12.577 13.0615 12.7635 12.8941 12.7946 12.9494 12.6837 12.539 13.2118 12.6788 12.7738 12.9827 12.9365 12.7154 13.0323 12.7145 12.7716 12.6413 12.9821 12.8731 12.8808 12.9763 12.6766 12.8816 12.9337 12.7935 12.5817 12.6272 12.528 12.7638 12.433 12.7152 12.7993 13.1543 13.1287 12.5785 12.7787 12.8803 12.9239 12.8621 13.0568 12.8784 12.6934 12.7582 12.4858 12.5621 12.4948 12.6201 13.0467 13.1577 12.6904 12.9773 12.9658 12.8714 12.8057 12.8322 12.6737 12.5237 12.4678 12.7468 12.8649 12.4443 
12.6538 12.4734 12.5566 12.7301 12.8653 12.7383 12.1803 12.5962 12.8087 12.7855 12.6011 12.4956 12.574 13.2058 12.5314 12.8624 13.1125 12.4197 0 12.677 12.6458 13.1721 12.6775 12.7198 12.7419 13.0963 12.4836 12.3912 12.569 12.8456 12.7045 12.6951 12.6106 12.4389 12.4621 12.613 12.8446 12.939 12.5804 12.7918 12.487 12.992 12.9183 12.643 12.4918 12.6133 13.0925 12.8904 12.9139 12.8584 12.8258 12.444 12.6134 12.6799 12.5687 12.2001 12.9043 12.5507 12.777 12.8101 12.5174 13.1331 12.5481 12.8758 12.8803 12.7611 12.9106 12.6625 12.7033 12.3832 12.7113 13.1928 12.2686 12.6163 12.8934 12.3598 12.6075 12.6393 13.3009 12.6053 12.77 13.0321 12.7072 12.6969 12.4536 12.6223 12.7561 12.6593 12.5369 12.4952 12.6981 12.5568 12.4154 12.8242 12.5663 12.8321 12.8414 12.5931 12.5302 12.9067 
12.9216 13.2638 12.5783 12.7349 13.1764 12.9438 12.6989 12.9875 12.8877 13.1042 12.5947 12.8702 12.6718 12.9606 12.6818 12.95 13.3826 13.1637 12.677 0 12.5803 12.9782 13.0523 12.9098 13.0909 12.8896 12.7576 12.5691 12.8709 13.1658 13.1913 13.0046 13.1658 13.3482 13.0402 13.2489 12.6962 12.7858 12.6165 13.0192 12.8084 12.6874 12.8481 12.8321 12.933 12.8312 12.9387 12.7541 12.8775 12.9546 12.8913 13.2184 12.9059 13.0924 12.9153 13.0124 13.1795 12.9669 12.8396 12.7885 12.6332 13.0102 12.7829 12.8596 13.2032 12.9695 12.9895 12.5985 12.8208 13.0176 13.038 12.8962 12.7309 12.9275 13.0771 13.2036 13.0398 13.3685 13.438 12.9189 13.3361 13.2612 12.6384 12.9269 12.8806 12.859 12.8045 12.6004 12.6906 12.5038 12.7403 12.9574 12.6455 12.8779 12.8281 13.1174 13.3815 13.0075 13.1162 13.0939 
13.0138 12.4748 13.0911 12.4477 12.6156 12.5643 12.6609 12.6368 12.7725 12.7269 12.8167 13.1739 13.103 13.1192 12.3636 13.0506 12.964 12.7429 12.6458 12.5803 0 13.0965 13.1682 12.7755 12.8182 12.4603 12.369 13.0585 13.1331 12.8273 12.923 12.9023 12.8146 12.9368 12.9425 13.1267 13.1386 13.0762 12.6436 12.6273 12.6695 13.0969 13.2327 12.7607 13.1893 12.6782 13.2368 13.1692 12.8797 13.0267 12.7579 12.8892 12.4536 12.5441 12.6388 12.7811 13.0487 12.5723 12.8521 12.9097 12.5979 13.0542 12.8233 13.4143 13.0235 12.9145 13.3103 12.6183 12.8518 13.1738 12.7021 12.6617 13.0619 13.0446 13.1391 13.1685 13.023 12.8422 13.3122 12.7948 13.0238 13.0447 12.6391 12.9085 12.4203 12.8586 12.6168 12.8035 12.8726 12.5766 13.124 12.8538 12.9251 12.8405 12.7656 12.63 12.9204 12.8809 13.1734 12.857 
12.9835 12.9808 13.1445 12.6135 13.209 12.9662 12.9816 12.9206 12.907 13.0834 12.8154 13.0885 13.0322 13.0141 12.7835 13.3041 13.2499 13.2618 13.1721 12.9782 13.0965 0 12.8913 13.3432 12.7657 13.2015 13.1544 12.9268 12.5812 13.3411 13.1343 13.2223 13.0666 13.0038 13.0403 12.9554 13.1878 12.9876 12.9256 12.8679 12.867 13.0898 13.0667 13.1847 12.7919 12.9836 12.9547 12.8334 13.1296 13.1185 12.8873 12.7511 13.2039 13.168 12.9188 13.2683 13.3745 13.2112 12.9376 12.9887 13.2048 13.4294 12.5529 13.194 13.4056 13.0436 13.1606 12.521 13.2896 13.1194 13.1264 12.7499 13.2011 13.0221 12.9979 13.3149 13.0587 12.8858 13.5778 13.0732 12.9901 13.0766 12.8981 12.6636 12.9184 13.0788 13.4337 12.8021 13.3723 12.7396 12.9578 12.8871 13.2416 12.8299 12.9874 13.1821 13.3657 13.4848 13.2635 13.3389 
13.3574 13.0048 13.0685 12.7369 13.0332 12.6382 13.1795 13.1096 12.8266 13.1874 12.8211 12.9354 12.6444 13.0843 13.157 12.9075 13.5361 13.3349 12.6775 13.0523 13.1682 12.8913 0 12.9586 12.9294 13.3862 12.8009 13.438 13.3084 13.2124 12.6204 13.265 13.0345 13.0899 12.9633 13.4802 12.9201 13.1455 12.8968 12.7184 12.7228 12.867 13.226 12.4538 13.0464 12.9183 12.9835 13.0065 13.1474 12.9777 12.7727 12.7755 12.9108 12.8482 12.7806 13.1941 13.3567 12.5076 13.1371 13.0768 13.3051 12.9051 12.6626 12.6631 13.0582 13.1345 13.3727 12.8677 13.261 13.2566 12.9872 12.6397 13.148 13.1119 12.7059 13.3796 13.0302 13.2624 13.4666 12.9681 13.3151 12.6081 12.8828 13.3091 13.0885 13.1774 12.8875 12.7894 12.7559 12.6964 13.2403 13.0457 13.2641 13.1058 13.0398 12.7464 13.2816 13.2148 13.1926 12.9481 
13.0187 12.6789 12.8651 12.8577 12.9326 12.8697 12.8652 12.4916 12.4535 12.9406 12.6755 12.62 13.1264 12.9321 12.6993 12.8225 12.7412 12.9727 12.7198 12.9098 12.7755 13.3432 12.9586 0 12.6367 13.0103 12.7771 12.9715 12.6002 12.9482 12.4095 12.7855 12.7298 12.8794 12.9462 13.1165 13.3181 13.1935 12.5553 12.4897 12.6868 12.4851 12.7888 12.9099 12.786 12.696 13.2793 12.5931 12.8323 12.7973 13.1771 12.7763 13.0207 12.8468 12.8429 12.8194 13.0159 12.7604 12.6751 12.8673 12.2046 12.8943 12.5639 12.9748 12.8113 12.5955 13.4643 12.7838 13.1545 12.8533 12.5873 12.8552 12.8744 12.8399 12.9601 13.1269 12.984 12.9756 13.5609 12.6461 13.0146 12.5067 12.9184 12.6373 12.8253 13.1509 12.8335 12.841 13.2744 12.9648 12.65 12.8009 12.9193 13.0425 12.9765 12.7683 12.5424 12.5789 13.1436 12.805 
12.8727 12.6677 12.6269 12.5234 12.8082 12.6445 12.4884 12.7219 12.5134 12.6393 12.2782 12.7491 12.8185 13.1143 12.5285 13.0515 13.1227 12.4738 12.7419 13.0909 12.8182 12.7657 12.9294 12.6367 0 12.9924 12.8744 13.0488 12.2565 12.8158 12.7034 12.835 12.7454 12.8957 12.7129 13.0953 13.1494 13.0668 12.4206 12.6946 12.6997 12.6514 13.2168 12.3558 12.6533 12.5573 12.7159 12.867 12.9818 13.2905 12.5336 12.9876 12.5616 12.6806 12.6818 12.6289 12.9625 12.6125 12.702 12.6433 12.5823 12.9999 12.6844 12.9147 12.6515 12.5377 12.8877 12.3453 13.1074 13.0439 13.0886 12.8339 12.4338 12.7012 12.4982 12.8275 12.4202 12.9349 13.3133 12.5254 12.8994 12.8022 12.8327 12.9113 12.5058 12.6311 12.8148 12.5304 12.8553 12.5621 12.6113 12.798 12.8367 12.6724 13.0659 12.8364 12.9196 12.6152 13.1069 13.0406 
12.7749 12.7272 12.8162 12.8772 12.9772 13.002 13.06 12.6062 12.891 13.4235 13.1926 13.0012 13.0032 13.0467 13.0593 13.3807 13.2043 13.0131 13.0963 12.8896 12.4603 13.2015 13.3862 13.0103 12.9924 0 12.5011 13.3174 13.2505 13.318 12.7267 12.9317 13.2428 13.2835 12.7869 13.3653 13.4671 13.49 13.1652 13.1482 13.0921 12.9748 13.7013 13.0627 13.1062 13.163 13.323 13.0262 13.5459 13.1829 12.6824 12.7475 13.5928 12.8092 13.0544 13.0226 13.1614 13.0093 13.2944 12.8369 13.2407 13.0795 12.7889 13.3787 12.5928 12.8855 13.541 13.159 13.0937 12.8231 13.185 12.9361 12.9082 12.6575 13.124 13.2404 13.0224 12.3687 13.494 13.2369 13.2177 13.1242 12.9205 12.8321 13.1396 13.1686 13.2585 12.6958 12.8419 12.83 12.8617 13.0925 12.8404 13.2674 12.9992 13.2309 12.9941 12.8306 13.162 12.7854 
12.8959 12.5449 12.7765 12.5057 12.9301 12.6784 12.958 12.9452 12.4172 12.7162 12.6602 12.7223 12.7947 12.5709 12.8432 13.1585 13.1661 12.7143 12.4836 12.7576 12.369 13.1544 12.8009 12.7771 12.8744 12.5011 0 12.577 13.0965 13.1662 12.8464 12.7691 12.8947 12.8078 12.5952 13.046 12.707 13.0089 12.5106 13.0608 12.3052 12.7241 12.978 12.798 12.6983 12.6053 13.0121 12.8906 13.5106 12.6923 12.8083 12.4475 12.709 12.7385 12.8054 12.7103 12.8972 13.0068 12.9124 12.6308 12.8023 12.7498 12.8016 13.1027 12.9288 12.9255 13.1621 12.7267 13.1759 12.7546 13.0564 12.5661 12.4482 12.5634 12.7908 13.1907 12.8198 12.4541 13.2263 13.0622 13.0931 12.8795 12.6307 12.6948 12.8349 12.9114 12.6019 12.6218 12.6068 12.6703 12.6134 12.8436 12.4949 12.7795 12.7933 12.5786 13.0129 12.8536 12.9882 12.4575 
13.1668 13.0754 12.6694 13.078 12.9171 12.8054 13.0931 12.9066 13.3653 12.7387 12.3432 12.9924 12.4877 13.0751 12.9429 12.7672 13.4431 12.8978 12.3912 12.5691 13.0585 12.9268 13.438 12.9715 13.0488 13.3174 12.577 0 13.0423 12.8144 13.2424 12.8099 13.1124 13.2852 12.8411 13.3358 13.281 13.2959 12.7795 12.7474 13.1962 13.0482 13.0124 12.9929 12.8679 12.9807 12.9476 12.9236 13.3223 12.9529 13.0485 12.5938 12.9616 12.7246 12.6292 13.1158 13.0671 13.2191 13.0457 13.1095 12.6767 12.9637 12.7027 13.0089 13.1149 13.0097 13.3041 12.9423 13.1233 12.4763 13.0413 12.8521 12.8739 12.5441 12.9155 13.0004 12.6921 12.992 13.4623 12.7673 13.119 13.0197 12.9155 13.0232 12.7962 12.9936 12.8495 13.5059 12.9221 12.9134 12.9482 12.8147 12.9055 13.0606 12.3497 12.7708 13.065 13.1096 13.2473 13.1135 
12.6828 12.8796 12.5901 12.8403 12.9719 12.8341 12.6863 12.8523 12.4336 12.7443 12.5032 12.9649 12.7201 12.974 12.3993 13.132 13.0454 12.8281 12.569 12.8709 13.1331 12.5812 13.3084 12.6002 12.2565 13.2505 13.0965 13.0423 0 12.8929 12.9476 12.7258 12.7428 13.1765 12.8729 13.0112 13.3016 13.0897 12.506 12.5039 12.6008 12.3405 13.079 13.0178 12.6 12.8655 12.9425 12.6121 12.4624 12.7976 13.0957 12.6171 12.5371 12.6784 13.1096 12.9012 13.0268 12.77 12.9273 12.4504 12.9207 12.9481 13.1456 12.7889 12.8267 12.7915 12.9616 12.8085 12.7159 12.9347 12.8974 13.3404 12.7697 12.7028 12.7682 12.8015 12.5437 12.9158 13.2017 13.0293 12.6206 13.1372 12.9358 12.7211 12.7117 13.081 12.8669 12.9088 12.822 13.1865 12.7714 12.4687 12.5947 13.2769 12.657 12.9384 12.6457 13.127 13.0622 12.7093 
13.0264 12.5473 13.004 12.6746 13.3047 12.861 12.9509 12.687 12.8647 13.1502 12.5888 12.8992 13.0666 13.1397 12.6691 13.1702 13.0755 12.6833 12.8456 13.1658 12.8273 13.3411 13.2124 12.9482 12.8158 13.318 13.1662 12.8144 12.8929 0 13.0362 13.1379 13.1696 13.5594 13.1086 13.1302 13.5298 13.0747 12.7323 12.6185 12.7594 12.9659 13.2322 13.5105 13.0598 12.9626 13.1287 12.8244 13.3865 12.7264 13.1473 12.9017 13.0609 13.0747 12.9266 13.0032 13.4204 13.0446 13.0772 12.6936 12.8659 13.0151 12.8587 13.0705 13.2212 12.9276 13.4074 12.8273 13.152 13.0015 13.085 13.0173 13.0598 12.53 13.1679 13.3788 12.6444 12.9897 13.2926 12.9843 12.8059 13.0419 13.0321 12.9175 12.9282 13.1022 12.8829 13.0321 12.9307 13.1207 13.0649 12.8476 13.3036 13.2131 12.642 12.7206 13.1707 13.1733 12.9978 13.087 
12.8328 12.8243 12.6373 12.734 12.7793 12.8093 12.921 13.114 12.4702 13.3728 12.6069 12.7979 12.8889 12.6077 12.4618 12.8695 12.9946 12.5557 12.7045 13.1913 12.923 13.1343 12.6204 12.4095 12.7034 12.7267 12.8464 13.2424 12.9476 13.0362 0 12.8984 12.7995 12.9141 12.3885 12.9784 13.1574 13.0214 12.7758 12.8896 12.9557 13.0217 13.3252 12.8411 12.5842 12.8241 12.8193 12.7813 13.2014 12.945 13.3998 12.6303 12.8191 12.6281 12.3582 13.2179 13.217 13.0558 12.7357 12.4292 12.6174 12.6598 12.7975 12.8422 12.8395 12.5535 13.0141 12.673 12.6889 12.9587 13.05 12.6945 13.0042 12.9399 12.7642 13.0293 12.7385 12.8983 13.4989 13.2934 12.649 12.9146 12.7781 12.9088 12.4224 12.9192 12.4699 13.0387 12.7884 13.1978 13.0495 12.371 13.1997 12.8956 12.8488 12.6862 12.656 12.7702 13.219 12.817 
13.0138 13.0699 12.7032 12.7999 13.118 12.9595 13.1994 13.0865 12.704 12.675 12.695 12.7425 12.8878 13.0966 12.3218 13.464 13.4121 12.6207 12.6951 13.0046 12.9023 13.2223 13.265 12.7855 12.835 12.9317 12.7691 12.8099 12.7258 13.1379 12.8984 0 13.2157 13.0346 12.8812 12.9232 13.1229 13.1741 12.5846 12.512 12.6556 12.5992 13.1671 12.9119 13.0387 12.7656 13.0511 12.697 12.968 12.9442 13.2146 12.939 12.9555 13.2718 12.5741 12.8639 12.9293 12.8868 12.6959 13.2282 12.9555 13.0935 12.5401 12.8521 12.527 12.805 13.2679 12.8203 12.8339 13.0227 13.1621 13.2742 12.8058 13.1778 12.9943 13.1041 12.8331 12.9107 14.011 12.8979 12.9832 12.6221 12.7499 12.9716 12.2649 12.8764 12.8952 12.5824 12.8168 13.1367 12.7467 12.7944 13.279 13.0109 12.9221 13.0668 12.8189 12.4384 13.4013 12.948 
12.8954 12.9749 13.0775 12.7552 13.1221 13.0323 12.7844 13.0406 12.5614 12.7445 12.8644 12.8255 12.9049 12.9711 12.9841 13.0067 12.9588 12.6335 12.6106 13.1658 12.8146 13.0666 13.0345 12.7298 12.7454 13.2428 12.8947 13.1124 12.7428 13.1696 12.7995 13.2157 0 12.687 13.0248 13.0009 13.0314 13.0589 12.4298 12.6671 12.6823 12.9717 12.9032 12.8282 13.2037 12.9717 12.8622 12.8487 13.0602 13.1374 12.5831 12.818 12.358 13.1174 13.1376 12.8093 12.8044 12.5267 13.2374 12.4542 12.5513 13.061 12.8191 12.923 12.9413 13.0785 13.1348 12.7082 12.9946 12.7427 13.2927 12.9819 12.5322 12.6812 12.4901 13.187 12.6021 12.823 13.4517 12.7898 12.8125 12.878 12.9217 12.4485 12.9721 13.1776 12.5092 13.0067 12.9694 13.1974 12.5561 12.8181 13.0233 12.8432 12.6133 12.8109 12.9502 12.9825 12.6899 12.8523 
12.7703 12.3941 12.929 12.7372 12.7018 12.8617 12.9355 13.0786 12.8651 13.1865 12.4928 13.2891 13.0871 13.0154 12.9033 12.9013 12.9385 13.0374 12.4389 13.3482 12.9368 13.0038 13.0899 12.8794 12.8957 13.2835 12.8078 13.2852 13.1765 13.5594 12.9141 13.0346 12.687 0 12.769 13.0828 13.2964 13.0147 12.5921 12.7346 12.8067 12.91 13.268 12.6347 12.9423 12.7703 13.1982 12.4218 12.8114 13.0983 13.1047 13.1683 12.6001 13.1055 13.2017 12.8514 13.0141 12.8908 12.9001 12.7479 13.1504 13.3413 12.6713 12.6317 13.0253 13.2333 13.435 12.5998 12.9042 12.6115 13.4843 13.097 12.7516 13.0079 13.243 13.005 13.103 12.4993 13.3423 12.4772 12.9661 12.7338 13.099 12.4929 12.9012 12.8681 12.6885 12.6413 12.9162 12.6979 12.9261 12.9291 12.8939 12.8957 12.8197 13.0688 13.1467 12.9857 13.0753 12.7829 
12.9011 12.6956 12.6914 12.889 12.8286 12.8173 12.6772 12.7834 12.9557 12.8843 12.6938 13.1948 12.4939 12.9638 13.2612 12.7958 13.5378 12.8937 12.4621 13.0402 12.9425 13.0403 12.9633 12.9462 12.7129 12.7869 12.5952 12.8411 12.8729 13.1086 12.3885 12.8812 13.0248 12.769 0 12.9921 13.1034 12.9245 12.9435 12.3452 12.6655 12.6797 13.2161 12.7157 12.857 12.7454 13.0798 12.5935 13.0261 12.8245 12.4861 12.5501 12.5332 12.6182 12.7743 12.8094 12.9752 12.6584 12.8161 12.8995 13.1009 12.7429 12.6145 13.0408 12.6285 13.0059 13.042 12.2992 12.9562 12.8607 12.6993 13.0998 12.8409 12.9347 13.1565 12.7962 13.0841 12.5889 13.0112 13.0645 13.0418 12.7561 12.4293 13.1235 12.7444 12.7945 12.9303 12.9352 12.8058 12.9254 13.0417 12.8413 12.789 13.0931 12.9413 12.509 13.0832 12.5813 13.0918 13.1454 
12.7583 12.6027 12.8852 13.0299 12.7119 12.7432 13.0627 12.9177 12.6458 13.1049 12.8173 12.937 13.3436 13.1474 12.8073 12.97 13.3273 12.9707 12.613 13.2489 13.1267 12.9554 13.4802 13.1165 13.0953 13.3653 13.046 13.3358 13.0112 13.1302 12.9784 12.9232 13.0009 13.0828 12.9921 0 13.2725 12.9936 12.9974 12.4195 12.4354 12.8348 13.06 13.012 12.9753 13.0563 13.341 13.1638 13.0631 13.0067 12.8865 13.0947 12.8883 12.999 12.9026 13.2304 12.9326 13.173 12.9471 13.0231 12.5174 13.0459 12.3566 13.0498 12.7195 13.0859 12.8877 12.8622 12.8809 13.2683 12.9072 13.2305 12.7226 13.0986 12.8507 13.161 13.0275 12.853 12.8763 13.1133 13.0447 12.8393 12.7498 12.7281 12.9817 12.7601 12.9964 13.0897 13.0121 12.717 12.7857 12.877 13.0745 12.8678 13.2594 13.1604 13.0906 12.5759 13.245 12.9498 
12.7738 13.2203 13.0027 13.079 13.3098 13.1885 13.1656 13.216 13.0412 13.0615 13.2581 13.0907 13.8663 13.341 13.0287 13.2914 13.5064 13.4119 12.8446 12.6962 13.1386 13.1878 12.9201 13.3181 13.1494 13.4671 12.707 13.281 13.3016 13.5298 13.1574 13.1229 13.0314 13.2964 13.1034 13.2725 0 13.1788 13.0378 13.1448 13.2532 13.2656 13.0814 13.2164 13.0017 13.0752 13.1686 12.8691 13.1169 12.9292 13.0216 13.2969 12.6772 13.1387 13.2927 12.9642 12.9976 12.9578 13.0869 13.0785 12.6464 12.8665 12.5578 12.8429 13.3587 13.3756 13.1996 12.6653 13.5077 12.6981 12.8119 13.3096 13.1694 13.1394 13.1021 13.6558 13.3078 12.9631 13.2576 13.1779 13.0292 12.8107 12.7366 13.174 12.9233 13.4936 13.2086 13.1116 13.0057 13.149 13.0422 13.0447 12.8492 13.2707 13.3991 13.256 13.2975 12.9967 13.5265 13.0543 
12.9012 12.8739 13.1573 12.9744 13.1056 13.0211 12.8337 12.5705 12.7258 13.1756 12.1352 13.0752 13.2779 12.9537 12.7124 13.094 13.1236 13.066 12.939 12.7858 13.0762 12.9876 13.1455 13.1935 13.0668 13.49 13.0089 13.2959 13.0897 13.0747 13.0214 13.1741 13.0589 13.0147 12.9245 12.9936 13.1788 0 12.8398 12.3708 13.0975 12.7819 13.1702 13.0252 12.7442 12.6907 12.922 12.928 12.9867 13.3783 12.865 13.0282 12.8887 13.0844 12.6281 12.7953 13.0796 13.186 12.8067 13.0698 13.0575 13.1035 13.0704 13.3563 13.0954 12.7479 13.1982 12.7378 13.0007 13.0247 12.9765 12.9197 13.0465 12.7344 13.2785 13.1904 12.9564 12.7371 13.2429 12.9982 13.1433 12.964 12.5623 13.0584 12.7035 12.976 12.9146 13.1423 12.6179 12.9358 12.4388 12.8427 12.9248 12.8678 12.8324 13.0034 13.3017 13.3531 13.1837 13.3049 
12.6968 12.6369 12.6591 12.4867 12.9249 12.7148 12.7188 12.6829 12.8804 12.9067 12.4282 12.9445 12.8149 12.6587 12.4023 12.6941 12.8233 12.577 12.5804 12.6165 12.6436 12.9256 12.8968 12.5553 12.4206 13.1652 12.5106 12.7795 12.506 12.7323 12.7758 12.5846 12.4298 12.5921 12.9435 12.9974 13.0378 12.8398 0 12.7305 12.1925 12.6946 13.1655 12.5365 12.7803 12.6539 13.1367 12.8116 12.649 12.7323 12.5335 12.3689 12.6671 12.507 13.0091 12.3898 12.751 12.4023 12.9137 12.5874 12.4648 12.8117 12.4704 12.867 12.9131 12.0808 12.861 12.9774 12.5023 12.5461 12.6545 12.6436 12.587 12.502 12.9923 12.6735 12.3719 12.4996 12.8722 12.3809 12.8863 12.542 12.1946 12.3577 12.2513 12.7583 12.5454 12.7033 12.6125 12.9567 12.6721 12.4702 12.666 13.0325 12.57 12.5781 12.6935 12.8597 13.1063 12.8629 
12.797 12.6279 12.7941 12.5765 12.6545 12.3709 13.1138 12.8656 12.7846 13.4052 12.4629 13.0054 12.63 12.9604 12.8239 12.47 12.8695 13.0615 12.7918 13.0192 12.6273 12.8679 12.7184 12.4897 12.6946 13.1482 13.0608 12.7474 12.5039 12.6185 12.8896 12.512 12.6671 12.7346 12.3452 12.4195 13.1448 12.3708 12.7305 0 12.5497 12.5332 12.6774 12.9001 12.7299 12.6792 13.0435 12.659 13.0249 12.7646 12.8855 12.6009 12.8968 12.6615 12.7405 12.7909 12.7213 12.7257 12.8705 12.6306 12.6532 12.9469 12.7306 13.1813 12.336 12.9298 12.7997 12.6896 12.6848 12.9809 12.9118 13.1208 13.1309 12.6095 12.5827 13.1572 12.8901 12.6532 12.9962 12.7698 12.8198 12.8827 12.405 12.6002 12.7011 13.0993 12.9563 12.8801 12.8336 12.7028 12.6393 12.7059 12.7717 12.6069 12.6792 12.5611 13.1066 13.0133 13.1273 12.982 
13.017 12.5464 12.4847 12.6412 12.4674 13.0498 12.6693 12.7559 12.5206 12.8331 12.7616 13.2693 12.7791 13.2896 12.8306 13.3025 12.9089 12.7635 12.487 12.8084 12.6695 12.867 12.7228 12.6868 12.6997 13.0921 12.3052 13.1962 12.6008 12.7594 12.9557 12.6556 12.6823 12.8067 12.6655 12.4354 13.2532 13.0975 12.1925 12.5497 0 12.6255 12.7515 12.8395 12.7749 12.3417 12.9288 12.8921 13.0147 12.9666 13.0436 12.8236 12.5128 12.5869 12.5149 12.6404 12.9319 12.8062 12.8331 12.5528 12.9871 13.0913 12.5167 13.2059 12.6063 12.4577 12.9111 12.6952 12.7704 12.9267 12.9627 12.8814 12.779 12.7229 12.9589 12.583 12.9703 12.5652 13.1517 13.253 12.9107 12.7962 12.4169 12.3385 12.4157 12.786 12.5916 12.8333 12.7175 12.6638 12.2865 12.7852 12.9117 13.2188 12.7509 12.6347 12.779 12.6712 12.8689 12.8958 
12.7492 12.5752 12.7613 12.6845 13.1194 12.8418 12.7077 12.49 12.1883 12.8282 12.5668 12.5405 12.7383 12.9339 12.6652 12.929 12.9355 12.8941 12.992 12.6874 13.0969 13.0898 12.867 12.4851 12.6514 12.9748 12.7241 13.0482 12.3405 12.9659 13.0217 12.5992 12.9717 12.91 12.6797 12.8348 13.2656 12.7819 12.6946 12.5332 12.6255 0 12.9563 12.9479 12.7633 12.663 12.5904 12.7844 12.7179 12.8642 12.7958 12.621 12.8722 12.6181 12.3434 13.1367 12.8542 12.8564 12.7226 12.535 12.5271 13.0901 12.3045 12.8206 12.7159 12.6963 13.2383 12.9895 13.0673 12.5069 12.4399 13.0106 12.4328 12.5723 12.9068 13.0836 12.8751 12.6753 13.0438 12.9793 12.6149 13.0654 12.8392 13.1319 12.3872 13.0932 12.6266 12.9012 12.508 12.6086 12.6687 13.0912 12.5431 12.5679 12.7972 12.6833 12.5781 12.6298 13.231 13.0154 
13.0651 13.1896 12.9306 13.1353 12.9811 13.1769 13.3385 13.1747 12.6949 13.1875 12.8889 12.5696 13.2169 13.5225 13.166 13.2311 13.4338 12.7946 12.9183 12.8481 13.2327 13.0667 13.226 12.7888 13.2168 13.7013 12.978 13.0124 13.079 13.2322 13.3252 13.1671 12.9032 13.268 13.2161 13.06 13.0814 13.1702 13.1655 12.6774 12.7515 12.9563 0 13.0968 13.3254 12.9049 13.2823 12.4957 13.0888 13.006 12.8526 12.8486 13.0385 13.1617 13.0404 13.053 12.8852 13.2761 12.8553 12.6945 12.8846 13.1667 12.6788 13.2756 13.2711 13.0905 13.2607 12.9153 13.1935 13.3498 13.3261 13.2266 12.7733 13.1332 12.8016 12.8572 13.1624 12.7275 13.1703 12.9383 13.0546 12.9414 12.9724 13.2324 12.6001 13.0014 13.1099 13.1273 12.8361 12.6145 12.9464 13.0901 12.7202 13.0182 12.9035 13.1174 13.0357 12.9941 13.2381 12.9658 
12.9453 12.7331 12.8959 12.8685 12.6075 13.0284 12.7191 12.6774 12.8852 12.9268 12.915 12.7197 13.2127 12.9268 12.7499 12.8722 13.2272 12.9494 12.643 12.8321 12.7607 13.1847 12.4538 12.9099 12.3558 13.0627 12.798 12.9929 13.0178 13.5105 12.8411 12.9119 12.8282 12.6347 12.7157 13.012 13.2164 13.0252 12.5365 12.9001 12.8395 12.9479 13.0968 0 12.9096 12.6449 12.6317 12.5534 12.7774 13.0272 12.8356 12.5572 12.5405 13.0641 13.2223 12.4446 13.5409 12.6933 12.9122 13.1729 12.6505 12.8308 12.8151 13.0858 12.9904 12.6157 12.7441 12.6985 12.7076 12.8276 13.3505 12.7496 12.8832 12.9698 12.7564 12.7301 12.6405 12.841 13.207 12.5961 13.1427 12.4793 13.0106 12.9235 12.757 12.4435 12.6947 13.0716 12.4778 12.8412 13.1875 12.9857 12.7051 12.9647 12.783 12.9928 13.0663 12.5902 12.9616 12.8223 
12.763 12.8616 12.7648 12.6286 12.7947 12.6216 13.1261 12.846 12.611 13.0078 12.4794 12.6906 12.9405 12.8922 12.3004 13.0171 13.004 12.6837 12.4918 12.933 13.1893 12.7919 13.0464 12.786 12.6533 13.1062 12.6983 12.8679 12.6 13.0598 12.5842 13.0387 13.2037 12.9423 12.857 12.9753 13.0017 12.7442 12.7803 12.7299 12.7749 12.7633 13.3254 12.9096 0 12.2792 13.0577 12.6126 13.0452 12.7058 13.0407 13.0047 12.8405 12.3875 12.6129 13.0127 12.891 13.2414 13.2207 12.6591 12.979 13.1044 12.5931 13.2029 12.9794 12.6772 13.0766 12.6265 12.7362 12.4911 12.9478 12.6554 12.8914 12.8914 13.0501 12.946 12.9251 12.9123 12.9024 12.7739 12.6533 12.6448 12.7562 12.8215 12.7142 12.6316 12.6374 12.762 12.7913 12.9405 12.8718 12.6649 12.9801 12.6456 12.6158 12.9264 12.607 12.7687 12.8341 12.9537 
12.7478 12.375 12.9791 12.8371 12.6436 12.7209 12.8167 12.6185 12.652 13.1262 12.6311 12.7208 12.3187 13.0174 12.3944 13.3048 12.8775 12.539 12.6133 12.8312 12.6782 12.9836 12.9183 12.696 12.5573 13.163 12.6053 12.9807 12.8655 12.9626 12.8241 12.7656 12.9717 12.7703 12.7454 13.0563 13.0752 12.6907 12.6539 12.6792 12.3417 12.663 12.9049 12.6449 12.2792 0 12.7061 12.7077 12.8261 13.2096 13.1612 12.5664 12.9414 12.745 12.6006 12.339 13.1239 12.8106 12.9008 12.5812 12.7372 12.8782 12.791 12.9127 13.228 12.5449 12.9244 12.978 12.9419 13.0197 12.5557 12.5302 12.6888 12.7789 12.7156 12.655 12.5102 13.0456 13.4083 13.0607 12.677 12.548 12.4342 12.4811 12.345 12.8328 12.584 12.6432 12.8851 13.2035 12.8472 12.712 12.7594 12.9129 12.6751 12.74 12.5401 12.9712 12.9823 12.852 
12.6166 12.8456 12.7636 12.9678 13.3833 13.1488 12.7323 13.0418 12.8588 12.5314 12.6742 12.8102 13.2034 13.3885 12.389 13.2752 13.0001 13.2118 13.0925 12.9387 13.2368 12.9547 12.9835 13.2793 12.7159 13.323 13.0121 12.9476 12.9425 13.1287 12.8193 13.0511 12.8622 13.1982 13.0798 13.341 13.1686 12.922 13.1367 13.0435 12.9288 12.5904 13.2823 12.6317 13.0577 12.7061 0 13.1704 13.4141 13.3391 13.0726 12.7852 12.8439 12.9973 13.0582 12.4995 13.1622 13.1081 13.1425 13.1515 13.1718 12.799 12.891 13.1314 13.0926 12.9975 13.0969 13.1073 13.5737 13.0317 13.431 12.9909 12.8877 12.7606 12.9968 12.7154 13.1285 12.8537 13.3719 13.0103 13.2856 12.8417 12.8001 12.6522 12.9397 12.9138 12.704 12.8359 12.7504 13.1642 12.6134 13.3011 12.7871 12.9626 12.553 13.0029 12.8912 12.9048 13.339 13.1039 
12.2122 12.7665 12.8187 12.7469 12.968 12.748 12.5075 12.9095 12.6678 12.5667 12.6178 12.8353 12.549 12.6656 12.267 12.8453 12.7321 12.6788 12.8904 12.7541 13.1692 12.8334 13.0065 12.5931 12.867 13.0262 12.8906 12.9236 12.6121 12.8244 12.7813 12.697 12.8487 12.4218 12.5935 13.1638 12.8691 12.928 12.8116 12.659 12.8921 12.7844 12.4957 12.5534 12.6126 12.7077 13.1704 0 12.6462 12.8125 13.1011 13.1715 12.7754 12.79 12.9864 12.6826 13.0514 13.1453 13.0887 12.8107 12.8537 12.6113 12.5239 12.7206 12.521 13.0792 12.7614 12.7913 13.1038 12.7149 13.0743 12.6077 12.8765 12.8576 12.6816 12.7053 12.8317 12.5182 12.963 12.6117 12.676 12.4776 12.871 12.5625 11.9434 12.8441 12.7138 13.0135 12.8773 13.2273 12.9588 12.4986 12.5537 12.8604 12.8285 12.8653 13.0735 13.0007 12.9149 12.9231 
12.9435 13.1666 12.8803 13.224 12.9792 12.6496 13.0291 12.9753 12.81 12.9372 12.6765 13.1723 13.0499 13.0486 12.3789 13.2053 13.4557 12.7738 12.9139 12.8775 12.8797 13.1296 13.1474 12.8323 12.9818 13.5459 13.5106 13.3223 12.4624 13.3865 13.2014 12.968 13.0602 12.8114 13.0261 13.0631 13.1169 12.9867 12.649 13.0249 13.0147 12.7179 13.0888 12.7774 13.0452 12.8261 13.4141 12.6462 0 13.1699 12.8964 12.9239 12.7326 12.7722 12.9109 13.2908 13.1092 13.4202 13.1971 12.9681 12.5254 12.9615 12.54 12.629 13.0212 13.115 13.476 13.0346 13.1675 13.2353 12.7653 13.4738 12.8046 12.9783 12.984 13.1737 13.112 13.1842 13.0462 12.7673 13.1394 13.0823 12.7584 12.9285 12.8256 12.9556 12.7448 12.8802 12.8457 13.4091 13.3656 12.7038 12.8553 12.9909 12.1682 12.8178 13.2048 12.9366 13.0222 12.9934 
12.8811 12.6564 12.5494 12.42 13.0882 12.59 12.8298 12.686 12.7567 12.9664 13.0107 12.972 12.7518 13.2217 12.6768 13.1035 13.209 12.9827 12.8584 12.9546 13.0267 13.1185 12.9777 12.7973 13.2905 13.1829 12.6923 12.9529 12.7976 12.7264 12.945 12.9442 13.1374 13.0983 12.8245 13.0067 12.9292 13.3783 12.7323 12.7646 12.9666 12.8642 13.006 13.0272 12.7058 13.2096 13.3391 12.8125 13.1699 0 13.3716 12.8346 13.0951 13.1684 12.268 12.9834 12.9992 12.917 12.7275 12.7486 12.7994 12.6505 12.5007 13.3286 12.9128 13.2359 13.3098 12.813 13.214 12.6857 13.0621 12.8964 13.3885 13.2596 13.0126 12.9622 12.7725 12.8955 13.2171 12.99 12.8296 12.9308 12.707 13.0788 12.7622 13.1103 12.8845 13.2927 12.912 12.9808 13.437 12.8009 12.7345 13.2033 12.7157 12.897 12.7638 13.1176 12.9487 12.5956 
