0 2.62623 2.78377 2.94456 2.68377 2.6742 2.83457 2.96254 2.98808 2.96413 2.80098 3.03594 2.75173 2.9073 2.94362 2.75566 2.74081 3.18383 2.78984 3.08444 2.81924 2.81853 2.74223 3.30501 2.89815 3.29071 2.65393 3.29814 2.76591 3.30511 2.22813 3.1326 2.96719 2.68038 2.43255 2.68368 2.71307 2.73856 2.61875 2.78704 2.76289 2.81454 2.70706 2.93469 2.67608 3.46249 3.26273 2.75668 2.76778 2.65852 2.87974 2.95215 3.0182 3.04309 2.67235 3.02234 2.93135 2.51724 2.7901 2.41937 2.76982 2.98096 3.04026 2.56062 3.01151 2.86521 2.73948 3.25883 2.85182 2.61751 2.99601 3.14454 3.29528 3.23026 3.08443 2.69628 2.27675 2.72826 3.23582 2.58026 3.06237 2.74109 2.62771 3.13495 2.43843 2.74575 2.92886 2.93893 3.02238 2.7506 2.43525 3.14677 2.57995 2.82217 3.40099 3.14331 2.79688 2.82068 2.95774 2.90983 
2.62623 0 2.91641 3.31432 2.88159 2.59479 3.07634 2.82673 3.35486 2.79708 2.53233 3.08364 2.55842 2.76377 2.46465 2.72259 2.52937 3.05001 2.93678 2.5588 3.08255 3.08136 2.69378 2.99288 2.89132 3.11366 2.75818 2.89278 2.72864 2.85757 3.14609 2.91184 2.95436 2.67125 2.79355 2.89332 2.75723 2.42238 2.69458 2.61632 2.82893 3.09481 2.64557 2.31015 2.94793 3.06324 2.66705 3.18159 3.08832 2.92694 2.57903 3.01786 3.00141 3.18014 2.65839 2.77472 2.69308 3.17163 2.77517 2.77009 2.74721 2.76702 2.93177 2.57552 2.62 2.58984 2.98566 2.7307 2.78319 2.57099 3.15603 3.26573 3.02723 3.18734 2.53936 2.58829 2.64177 2.74966 2.41369 2.99226 3.13998 2.6055 2.84815 2.42297 2.90602 2.8257 2.87429 3.0445 3.19165 2.92857 2.71706 3.29453 2.81286 2.97074 2.67028 2.99298 2.65613 2.83015 2.95263 2.78267 
2.78377 2.91641 0 3.28072 2.83443 3.01709 2.56924 2.76826 3.31227 2.54514 2.82192 2.86916 2.74756 2.7105 2.71966 2.66454 2.40959 3.05516 3.15532 2.7673 2.76383 3.28622 2.77409 3.01482 2.78116 2.93303 2.84021 3.03781 2.70573 3.06025 2.86669 2.94825 2.84509 2.65785 2.97447 2.55616 2.94413 2.6824 2.88261 2.7367 2.96616 3.05064 2.85279 2.65171 3.05855 2.60213 2.6802 2.92672 2.85093 3.1459 3.09151 3.07085 2.92997 3.00263 3.02939 2.77237 3.06144 2.81714 2.87415 2.54036 3.36878 2.78662 2.82318 3.03809 2.66591 2.63202 2.71921 2.83088 3.18604 2.48801 2.61944 2.81656 3.27935 2.73277 2.86384 2.5178 2.70641 2.63699 2.67357 2.75278 2.71271 2.54111 2.61395 2.74256 3.24444 2.75047 2.68962 2.90639 2.79593 2.79465 2.86695 2.89783 2.5301 2.72337 3.19616 2.90599 2.96969 2.82227 3.28185 3.05023 
2.94456 3.31432 3.28072 0 2.49738 3.2251 3.23983 2.90929 2.90099 2.96334 3.25083 3.79481 3.01507 3.07619 3.17858 2.6727 2.9542 2.94048 3.31891 3.08668 3.36922 3.03371 2.88788 2.96961 3.15344 3.39273 3.12212 3.01981 2.97865 2.88021 2.93151 3.26308 2.90469 3.09989 3.11861 3.15344 2.77843 2.92451 2.71337 3.1779 2.94451 2.82516 3.19022 3.48165 2.80097 3.19627 3.24061 2.92658 3.23518 2.93531 3.32195 2.87503 3.04565 3.03234 2.50708 3.2802 2.68978 3.21358 2.86808 3.21823 3.16736 3.09772 2.80264 2.78501 3.12305 3.0485 3.2487 3.4852 3.3475 2.97596 3.34024 2.78086 3.43764 3.35037 3.31949 2.96484 3.25156 3.39779 3.38738 2.96821 2.83494 3.09109 3.30499 3.29815 2.81987 3.01751 3.19635 3.23033 3.13001 3.05728 2.53078 2.98282 2.95425 3.04435 3.31658 3.18666 3.36552 3.03708 3.10386 2.61741 
2.68377 2.88159 2.83443 2.49738 0 2.91728 2.77581 2.68203 2.92379 2.67978 3.19694 3.10462 2.78903 2.71765 2.92078 2.64816 2.74131 2.97322 3.08033 2.69872 2.85806 2.93013 3.04966 3.12947 3.32617 2.94935 2.8138 3.04079 2.74895 2.83934 2.95039 2.94744 2.94389 2.86618 2.95023 2.64099 2.58105 2.78674 2.43776 2.95993 2.87862 2.95518 2.74679 3.14654 2.62157 3.07116 2.84402 3.00308 2.75646 3.19328 3.38484 2.93702 2.75188 3.18976 2.7178 2.91094 2.67759 2.69538 2.78113 2.93352 2.88405 2.56527 3.17668 2.57045 2.91715 3.06132 3.26371 2.99605 2.90817 2.68126 3.01987 2.43803 2.89555 3.00533 2.90141 2.70316 2.90818 3.28595 2.71256 2.76662 2.99606 2.90904 2.91622 3.21096 3.25698 2.67582 3.04682 3.12808 2.80897 2.9355 2.33087 3.09012 2.69856 3.15862 3.13488 2.8709 3.06298 2.4811 2.72603 2.67503 
2.6742 2.59479 3.01709 3.2251 2.91728 0 2.76903 2.36438 2.9861 2.73958 2.7367 2.84802 3.14631 2.87378 2.77574 2.84199 2.72362 3.20473 2.97025 3.18404 3.33812 3.09537 2.80914 2.66378 2.79814 2.9665 2.67402 3.21711 2.61564 2.94651 3.00862 3.25168 2.63439 2.4604 2.95562 2.92382 3.01085 3.06035 2.53386 2.4873 3.07353 3.22862 2.78978 2.77853 2.73171 3.26245 2.99058 2.9627 2.95026 3.08391 2.7422 3.05 2.93074 2.89576 2.77089 2.6409 2.74543 2.40403 3.18373 2.55536 2.94362 2.95661 3.02641 2.64149 2.68102 2.72339 2.97658 3.0167 2.79829 2.73066 2.86086 3.03155 2.6964 2.71947 2.98866 2.57261 2.95651 2.89096 2.54808 2.86126 2.99461 2.92605 2.96419 3.06313 2.74038 2.6648 2.72468 2.68266 3.21487 2.91054 2.42438 3.04851 2.61395 3.10234 2.77657 2.96344 2.67621 2.78374 2.56436 2.62365 
2.83457 3.07634 2.56924 3.23983 2.77581 2.76903 0 2.85191 3.10893 2.84333 2.65097 2.98509 2.93589 2.26859 3.05706 2.51053 2.71225 2.68257 2.92188 2.78542 2.92183 3.11641 2.92166 2.71825 2.78629 2.98492 2.74912 3.18609 2.75437 2.88549 2.49431 2.83334 2.85167 2.78286 2.85002 2.9179 2.86202 2.85241 2.72907 2.80373 2.98446 2.87384 2.51036 3.15335 2.64062 2.5488 2.8482 3.06853 2.35391 2.92959 3.01039 2.6435 2.95039 3.11102 2.76392 2.71661 2.96129 2.6382 2.85843 2.87438 2.86107 2.32051 3.02824 2.69202 2.81218 2.59046 2.72095 2.64462 2.8142 3.01912 2.39874 3.06553 2.9914 2.94485 2.73625 2.47158 2.66611 2.7185 2.64686 2.76331 2.5452 3.10192 2.46758 3.18664 3.0926 2.76524 2.74232 2.79046 2.74162 2.71211 2.93138 3.168 2.60198 2.64019 3.16764 2.2376 2.65182 3.12583 3.10768 2.61904 
2.96254 2.82673 2.76826 2.90929 2.68203 2.36438 2.85191 0 2.94693 2.6434 2.94926 3.06704 2.73371 2.51151 2.66504 2.9285 2.59707 2.85424 2.80358 2.85564 2.89866 2.61439 3.03243 2.73282 2.76337 2.58731 2.5604 3.2518 2.67347 2.96124 3.20795 2.82425 2.83088 2.56366 2.70572 2.84124 3.31803 2.81013 2.87313 2.94785 3.10751 3.07205 2.61649 2.87482 2.64388 2.84323 2.63974 2.91408 3.08675 3.31208 2.94917 3.03986 2.85146 2.60091 2.79863 2.72631 3.09886 2.94633 2.97691 2.60659 2.97402 2.81852 2.98949 2.5164 2.48499 2.3119 2.96682 3.26285 2.81772 2.66825 3.135 2.87993 2.73452 2.68663 2.36178 2.50504 2.81254 2.81818 2.77762 3.18216 2.80306 2.52022 3.03646 3.06765 2.74884 2.9432 2.40666 2.77867 2.78481 3.08427 2.52502 2.66077 2.58828 3.08638 3.07538 3.21682 3.11335 2.73737 2.66324 2.77566 
2.98808 3.35486 3.31227 2.90099 2.92379 2.9861 3.10893 2.94693 0 3.37658 3.34288 3.61142 3.24319 2.95999 3.00349 3.08455 3.01321 3.31891 2.88455 2.97 3.44043 2.68278 2.78117 3.14096 3.29003 3.35786 2.7296 2.87503 3.45145 2.82324 2.73188 3.30529 3.09883 2.6677 3.22978 2.71438 3.13038 3.09053 2.86388 3.3761 3.01508 3.03011 2.97279 3.07543 2.68806 3.17169 3.06085 2.76199 3.55188 2.8314 3.11366 2.8789 3.17651 2.91201 2.94244 2.99838 2.95111 2.79022 3.13432 2.60638 3.10157 3.10856 3.26061 2.85537 2.90519 2.61553 3.19426 3.42024 2.63939 2.98722 3.08027 2.75776 2.97818 2.74308 3.07187 3.16722 3.11771 2.95561 3.38798 2.91268 2.86061 3.18849 3.23894 3.17713 3.05784 2.86252 2.98939 2.91651 2.7392 3.42439 2.74882 3.13442 2.44074 2.92232 2.98028 2.81042 3.28773 3.45093 3.18048 2.73713 
2.96413 2.79708 2.54514 2.96334 2.67978 2.73958 2.84333 2.6434 3.37658 0 3.40941 2.82496 2.82177 2.7316 2.91716 2.99471 2.79107 2.93847 3.32061 3.25179 2.86845 3.4614 3.04066 3.17464 3.27995 3.07074 2.80955 3.09817 2.38889 3.0919 3.44485 2.66748 2.45126 2.91816 3.35756 2.83601 2.95723 2.92826 2.72802 2.88901 3.48626 2.90564 2.97576 3.05939 2.84979 3.12041 2.94415 2.96474 2.95349 3.14356 2.90476 2.8419 2.83593 3.3168 2.63938 3.16056 2.81676 2.76506 2.51695 3.09529 3.36106 2.95964 3.04875 2.89665 3.01879 2.62128 2.70515 2.95949 2.86582 2.9756 3.28152 2.80661 3.11751 3.17557 2.42821 2.98061 2.77599 3.25153 2.43485 2.82109 2.56546 2.93574 3.01897 2.95382 3.23428 2.9547 2.8689 2.97898 2.93962 2.90465 2.70238 3.0789 2.73919 2.86736 3.16353 3.18369 2.84717 2.70322 3.02903 2.95817 
2.80098 2.53233 2.82192 3.25083 3.19694 2.7367 2.65097 2.94926 3.34288 3.40941 0 2.66703 2.74791 2.37147 2.97086 2.79908 2.71165 3.07735 2.65262 2.73098 3.11507 3.23874 2.98224 2.54115 2.7798 3.25241 2.698 2.98481 2.83191 2.99576 2.83396 2.935 3.17523 2.63664 2.76514 3.15943 2.39444 3.122 2.5771 3.08091 2.94017 2.9447 2.59514 2.66138 3.04344 2.6034 2.72208 2.83884 2.81128 2.84914 2.82759 2.97971 3.13701 3.39919 2.88451 2.46099 2.5289 2.71393 3.15184 2.4133 2.77456 2.90088 2.57344 2.84651 2.6806 2.67413 3.00592 2.70381 2.90358 2.35057 2.57871 3.09874 3.17238 2.91098 3.09655 2.2732 2.61633 2.83887 3.02368 2.86864 3.23559 2.68401 2.44554 2.86312 2.815 2.81612 2.40323 2.57721 3.06005 2.44755 2.82644 2.98122 2.80673 2.81182 2.93652 2.93658 2.91452 2.97703 2.97891 2.96558 
3.03594 3.08364 2.86916 3.79481 3.10462 2.84802 2.98509 3.06704 3.61142 2.82496 2.66703 0 3.05294 2.95463 3.12569 2.93581 2.72703 3.05862 3.26958 3.05902 2.78348 3.55524 3.24228 3.29614 3.11037 3.10452 2.75556 3.04947 3.0137 2.92934 3.08455 2.88177 3.2065 2.71975 3.38125 2.98574 2.67832 3.26385 3.16577 2.87054 3.12772 3.26313 2.79861 3.2143 3.09129 2.97854 2.69866 3.09561 2.8932 3.0905 3.29275 3.1573 2.90147 3.64048 3.24754 2.43482 2.86408 2.91175 2.76876 2.8815 2.99429 3.12748 3.3261 3.21801 2.97446 2.86341 3.20619 3.16756 2.85629 2.76443 2.85082 2.85915 2.9753 3.0027 2.95331 2.92088 2.76564 3.20147 2.73579 3.08203 3.39188 3.20206 3.04185 3.19532 3.3108 3.29892 2.63014 2.84698 3.39344 2.98144 3.02427 3.23351 2.73229 2.97134 3.42713 3.35496 2.92507 3.0764 2.91899 3.19463 
2.75173 2.55842 2.74756 3.01507 2.78903 3.14631 2.93589 2.73371 3.24319 2.82177 2.74791 3.05294 0 2.86852 3.19364 2.85179 2.44928 3.38341 2.93163 2.57677 2.83255 3.05024 2.99417 3.34417 2.75951 3.14972 2.7325 2.7649 3.24187 2.96275 3.38279 2.87064 2.9349 2.55799 2.80064 2.98337 2.67547 2.78053 2.89722 2.91303 3.05517 2.99747 2.82316 3.01216 3.01952 2.9062 3.01075 2.89972 2.90225 3.17037 3.07735 2.81507 2.72898 3.10612 3.25317 2.74308 2.68957 3.29105 2.75858 3.08257 2.99542 3.09503 2.70694 2.99896 3.14155 2.68916 3.11382 2.82931 3.06917 2.67437 3.15274 3.26267 3.48189 3.10042 2.6808 2.42906 2.42958 2.94399 2.81827 2.94195 2.86705 2.46767 3.17918 2.87624 2.92313 2.73809 3.02918 3.1171 2.9327 3.10193 2.90103 3.19967 2.55905 3.22327 2.98371 3.00758 2.902 3.0089 2.72208 2.96499 
2.9073 2.76377 2.7105 3.07619 2.71765 2.87378 2.26859 2.51151 2.95999 2.7316 2.37147 2.95463 2.86852 0 3.00359 2.68563 2.49739 2.56551 2.55187 2.42449 2.73886 2.48152 2.69398 2.38164 3.13551 2.78991 2.18839 2.55628 2.64121 2.66885 2.95856 2.28739 2.76379 2.73546 2.80678 2.32218 2.54743 2.72342 2.22233 2.94909 2.87917 2.44779 2.43135 2.61888 2.7278 2.42954 2.85831 2.22195 2.69859 2.93028 2.55958 2.47181 2.75455 2.78433 2.59149 2.86025 2.72159 2.68586 2.72619 2.66712 2.63012 2.41266 2.81856 2.69586 2.52408 2.19611 2.74442 2.63003 2.44346 2.33103 2.70578 2.75574 2.90828 2.66919 2.73671 2.85556 2.84461 2.53866 2.71649 2.53856 2.73382 2.30839 2.21768 2.58171 2.89446 2.84203 2.65243 2.62661 2.84787 2.81803 2.7166 3.15355 2.43453 2.84257 2.64365 2.68748 2.7997 3.02717 2.78257 2.40163 
2.94362 2.46465 2.71966 3.17858 2.92078 2.77574 3.05706 2.66504 3.00349 2.91716 2.97086 3.12569 3.19364 3.00359 0 2.73706 2.96778 3.08685 2.80567 2.67239 2.62054 2.96279 2.44236 2.89572 2.96922 2.22848 2.56981 2.8356 2.68801 3.11909 2.76332 3.09446 2.61854 3.03547 2.83654 2.56937 3.00227 2.26589 2.90565 2.77369 2.55425 2.86705 3.26795 2.49589 2.79749 3.0628 2.56065 3.23313 3.29259 2.85732 2.69947 3.08132 2.77903 3.00818 2.35176 2.97424 2.85586 3.07095 3.23426 2.80893 2.61628 2.60218 3.14467 2.77573 2.64643 2.76566 2.80964 3.20624 3.10763 2.59862 2.91166 2.93235 2.46206 3.03281 2.76168 2.63492 2.84132 2.8479 2.7698 3.0657 2.77436 3.07899 2.8206 2.82022 3.18497 2.73269 2.51908 3.29462 2.42571 2.96483 2.59319 2.67209 2.76459 2.69654 2.84897 2.9328 2.97721 2.87022 3.18093 2.63664 
2.75566 2.72259 2.66454 2.6727 2.64816 2.84199 2.51053 2.9285 3.08455 2.99471 2.79908 2.93581 2.85179 2.68563 2.73706 0 2.36943 2.51987 3.00651 2.63736 2.83713 2.82317 2.74683 2.61279 2.97903 3.17592 2.77085 2.8488 2.81617 2.61728 2.56015 2.59933 2.82448 2.55912 2.71792 2.92634 2.55807 2.67573 2.84912 2.66495 2.34758 3.0395 2.95919 2.87875 2.35926 2.80932 2.61671 2.8506 2.83787 2.97968 3.11411 2.72054 2.77484 3.00773 2.62838 2.70848 2.84275 3.12684 2.93574 2.6762 2.5501 2.39704 2.71824 2.8567 2.65256 2.71152 2.85178 2.72496 3.00401 2.59574 2.3027 2.84307 2.74712 2.8636 2.66749 2.40824 2.58447 2.75317 2.85484 2.94711 2.84835 2.82623 2.40202 2.69203 3.24538 2.59111 2.85262 2.74435 2.82367 2.82951 2.71611 2.74719 2.83306 2.66792 3.09475 2.6071 2.71967 3.08055 3.02856 2.58934 
2.74081 2.52937 2.40959 2.9542 2.74131 2.72362 2.71225 2.59707 3.01321 2.79107 2.71165 2.72703 2.44928 2.49739 2.96778 2.36943 0 2.77268 2.98348 2.70875 3.16831 3.02689 2.60559 2.85698 2.36568 3.26493 2.63421 2.89376 3.03054 2.66706 2.94415 2.69934 2.82167 2.52412 2.94647 2.91774 2.75371 3.03066 2.84053 2.84683 2.75821 2.94972 2.74117 2.97364 2.62252 2.56439 2.55879 2.61909 2.80908 2.87322 2.99314 2.37143 2.87702 2.8346 2.7868 2.20125 2.8164 2.91722 2.47732 2.89741 2.83307 2.69108 2.82317 2.77069 2.56766 2.42415 2.9654 2.94655 2.81632 2.54715 2.60567 3.07221 2.94032 2.92201 2.56341 2.8116 2.8175 2.7128 2.48054 2.97185 2.97421 2.57634 2.79494 3.01737 2.89105 2.5099 2.72867 2.59201 3.22419 2.93675 2.83858 3.04348 2.26086 2.8644 2.88149 2.9873 2.67068 3.09983 3.10255 2.7244 
3.18383 3.05001 3.05516 2.94048 2.97322 3.20473 2.68257 2.85424 3.31891 2.93847 3.07735 3.05862 3.38341 2.56551 3.08685 2.51987 2.77268 0 3.22711 3.23563 3.01199 2.81475 2.59942 3.04701 3.28859 2.84082 2.96755 2.93494 2.71961 2.75154 3.04099 2.88644 2.73723 3.02041 2.964 3.04547 3.1215 3.01494 3.09488 3.10622 2.92971 2.7856 3.0147 2.82645 2.91871 3.24343 2.69024 2.90788 3.01247 2.98121 2.87224 2.87622 2.8449 3.38472 2.7804 3.2738 2.96671 3.02392 2.92703 2.94607 3.09061 2.79069 3.11801 2.69797 2.35982 2.46384 2.86191 3.05572 3.07842 2.76039 2.90756 2.94318 2.96381 2.88521 2.80821 3.29458 2.98945 3.33243 2.76806 3.06645 3.4652 2.65453 2.86195 2.93845 3.28049 3.36527 3.20126 3.17575 2.83213 2.85816 3.14533 2.95949 2.95053 3.04954 3.09812 3.35404 3.41904 3.12703 2.75435 2.4925 
2.78984 2.93678 3.15532 3.31891 3.08033 2.97025 2.92188 2.80358 2.88455 3.32061 2.65262 3.26958 2.93163 2.55187 2.80567 3.00651 2.98348 3.22711 0 2.83878 3.00339 2.81216 2.70651 2.89028 3.08263 2.72297 2.61106 3.04349 2.95136 2.81328 2.80813 2.79392 2.92829 2.88541 2.50688 3.17389 2.75919 2.68079 2.67718 3.252 3.10494 2.7125 2.56139 3.0565 3.06365 2.8501 2.80657 2.84812 2.99765 2.75862 2.8016 3.09698 3.26581 3.21101 2.75866 2.9347 2.84368 2.89351 3.16752 2.63393 2.79264 3.22431 3.17279 2.58465 2.94669 2.52131 3.16779 3.06622 2.76361 2.87669 3.13866 2.89707 2.74565 3.20557 2.96972 2.88373 2.67696 2.91249 3.30247 2.8395 3.03278 2.89668 2.73634 3.04049 2.98524 2.85627 2.93987 3.02597 3.25479 2.77444 2.57438 3.23579 2.62355 3.34523 3.09312 3.11643 3.46285 3.32917 2.94439 3.03339 
3.08444 2.5588 2.7673 3.08668 2.69872 3.18404 2.78542 2.85564 2.97 3.25179 2.73098 3.05902 2.57677 2.42449 2.67239 2.63736 2.70875 3.23563 2.83878 0 2.80095 2.96599 2.83696 3.02793 3.06433 3.0346 2.76754 2.36967 3.00569 2.79744 2.96942 2.616 3.17453 2.9136 2.79099 2.65723 2.51333 2.26988 2.72029 3.07257 2.83675 3.07109 2.67265 3.012 2.87021 2.62339 2.52447 2.66681 3.02644 2.9061 3.31245 3.06084 2.45306 2.60849 3.01098 2.88673 2.90527 3.31162 2.76243 2.96519 2.38351 2.33395 2.96619 2.81487 2.95726 2.64657 3.02783 2.61366 2.59821 2.86247 2.72166 2.82567 3.37009 2.70686 2.8592 2.50581 3.02381 2.48439 2.87764 2.77488 2.62407 2.75154 2.42025 2.75998 2.78824 2.49423 2.4364 3.12797 3.14219 2.92865 2.64115 3.16822 2.48857 2.86146 2.87569 2.49021 2.78805 2.97756 3.12724 2.3302 
2.81924 3.08255 2.76383 3.36922 2.85806 3.33812 2.92183 2.89866 3.44043 2.86845 3.11507 2.78348 2.83255 2.73886 2.62054 2.83713 3.16831 3.01199 3.00339 2.80095 0 2.98153 2.8362 3.43108 3.23881 2.6615 2.74979 2.93745 2.94759 3.27687 2.81904 2.85547 3.04729 3.23621 2.92723 2.75134 3.15027 2.34064 3.16064 2.87564 2.91516 2.99591 2.9843 3.09858 3.11392 3.13576 3.08509 3.19581 3.27759 3.18258 3.08813 2.73168 2.86307 2.99765 2.9207 3.11319 2.96465 3.1211 3.06778 3.01074 3.0796 2.66923 3.3854 2.52027 3.01404 2.92835 3.02251 3.29922 3.15276 2.69839 2.96142 2.79854 3.35766 2.83377 2.73394 3.02807 2.77367 2.97387 3.1619 2.92998 2.89942 2.72687 2.782 2.57166 3.20828 3.19259 2.73741 3.32072 2.72695 3.1683 2.87698 3.32257 2.99858 2.71611 3.11208 3.12696 3.4075 2.90487 2.99096 2.85544 
2.81853 3.08136 3.28622 3.03371 2.93013 3.09537 3.11641 2.61439 2.68278 3.4614 3.23874 3.55524 3.05024 2.48152 2.96279 2.82317 3.02689 2.81475 2.81216 2.96599 2.98153 0 2.72874 2.95086 3.2694 2.48783 2.83738 2.78847 3.26443 2.87734 3.00122 2.80623 3.29898 2.98957 2.51389 2.59955 3.19723 2.84511 3.13284 2.91498 2.35232 2.92054 2.99452 2.48816 2.41385 3.3957 3.21318 2.74475 3.39997 2.90537 2.62982 2.77908 2.75762 2.88919 2.83312 3.31956 2.89759 3.18996 3.01812 2.88303 2.74082 2.98051 2.9643 2.66854 2.67587 2.48014 3.2039 3.13231 2.65089 2.47756 3.20326 2.90642 2.94965 2.6749 2.9575 3.08878 2.8218 2.81628 3.14854 2.71231 3.30709 2.57658 3.06976 2.84394 2.76826 3.21524 3.14912 2.93159 3.13872 3.12687 2.67853 3.01079 2.69924 3.08683 2.59626 3.16603 3.20764 3.15151 2.91967 2.86215 
2.74223 2.69378 2.77409 2.88788 3.04966 2.80914 2.92166 3.03243 2.78117 3.04066 2.98224 3.24228 2.99417 2.69398 2.44236 2.74683 2.60559 2.59942 2.70651 2.83696 2.8362 2.72874 0 2.76433 3.07814 2.45135 2.53466 2.467 3.07979 2.69686 2.56295 2.78469 2.29087 2.57116 2.96816 2.34514 2.7551 2.50814 2.67153 2.57388 2.5575 2.49682 2.84968 2.61966 2.91032 3.0898 2.88159 2.44841 3.02368 2.56225 2.56379 2.74476 2.73725 2.70732 2.73597 2.77244 2.79136 2.94283 3.15544 2.68668 2.61717 2.95021 3.00886 2.63554 2.65341 2.64207 2.76695 3.02164 2.90535 2.37717 2.55388 3.02638 3.06207 2.92713 2.87415 3.16558 2.96678 3.01655 3.01322 2.80033 2.92639 2.48724 2.84026 2.70237 2.82138 3.0322 2.96198 2.9641 2.6813 3.21892 2.61796 3.06841 2.29678 2.94339 2.40755 2.85804 3.32587 2.95792 2.68323 2.36866 
3.30501 2.99288 3.01482 2.96961 3.12947 2.66378 2.71825 2.73282 3.14096 3.17464 2.54115 3.29614 3.34417 2.38164 2.89572 2.61279 2.85698 3.04701 2.89028 3.02793 3.43108 2.95086 2.76433 0 3.28682 2.78004 2.55012 3.03881 2.61608 2.94794 2.82308 3.00497 2.98398 3.09103 2.91079 3.03238 2.67577 3.01761 2.67126 2.97616 2.96666 3.18593 2.83405 2.85578 2.76942 3.10325 2.88809 2.63564 2.8012 3.13618 2.9905 2.76382 3.55345 3.09794 2.70801 2.55257 2.88819 3.20884 3.3291 2.94072 2.75906 2.66589 2.81545 3.26558 3.22581 2.78772 3.0071 3.16123 2.82345 2.76285 3.06212 3.15024 3.08123 2.95529 3.10524 2.94722 3.17982 3.02249 3.05718 2.89729 3.11544 3.2006 2.88608 3.11328 3.24113 2.84566 2.79338 2.47926 3.21733 3.07946 2.87607 2.97724 2.66063 3.17219 2.96969 3.00434 3.30751 3.26261 3.01773 2.88001 
2.89815 2.89132 2.78116 3.15344 3.32617 2.79814 2.78629 2.76337 3.29003 3.27995 2.7798 3.11037 2.75951 3.13551 2.96922 2.97903 2.36568 3.28859 3.08263 3.06433 3.23881 3.2694 3.07814 3.28682 0 3.32914 2.92783 3.40608 3.27073 3.22949 2.92546 3.46906 3.43109 2.73168 3.16304 3.42464 3.13707 3.06573 2.92494 2.85236 3.10693 3.15139 3.02191 3.10036 3.00334 2.63436 2.73805 3.49737 3.17308 2.63858 2.96316 2.87517 3.13655 3.12782 2.68826 2.82438 2.92204 3.00395 3.0347 2.94497 3.34714 3.47524 3.12239 2.76125 2.62724 2.70799 3.34709 3.38635 2.83935 3.06802 3.13128 3.29468 3.32562 3.19006 3.08918 2.57634 2.86461 3.08586 2.70803 3.36292 2.87394 2.86895 3.20741 3.145 2.90948 2.86254 2.67152 3.07643 3.38849 2.95681 3.15743 3.20638 2.90799 3.16922 3.38047 3.08223 3.01699 3.08478 3.50912 3.16158 
3.29071 3.11366 2.93303 3.39273 2.94935 2.9665 2.98492 2.58731 3.35786 3.07074 3.25241 3.10452 3.14972 2.78991 2.22848 3.17592 3.26493 2.84082 2.72297 3.0346 2.6615 2.48783 2.45135 2.78004 3.32914 0 2.63459 2.78377 2.82021 3.1217 3.21039 3.04727 2.66771 3.07793 2.97949 2.53043 3.20204 2.51887 2.88839 2.63466 2.68681 3.07101 3.15989 2.76642 3.07755 3.43693 3.0245 3.16021 3.00999 3.21271 2.68147 3.01074 2.87685 3.17496 2.85878 3.13034 2.87356 3.1102 3.1687 2.95787 3.045 2.95129 3.15426 2.96074 2.78717 2.8328 3.07434 3.34447 3.08217 2.74579 3.24863 3.11042 2.80923 2.97943 3.00481 3.11575 3.24852 3.1224 2.9648 2.89949 3.14303 2.91139 3.24548 3.11965 3.29378 3.36998 2.82685 3.35419 2.9821 3.25873 2.87874 3.04235 2.72069 3.43068 2.94327 3.13871 3.48656 2.871 2.5937 2.87979 
2.65393 2.75818 2.84021 3.12212 2.8138 2.67402 2.74912 2.5604 2.7296 2.80955 2.698 2.75556 2.7325 2.18839 2.56981 2.77085 2.63421 2.96755 2.61106 2.76754 2.74979 2.83738 2.53466 2.55012 2.92783 2.63459 0 2.56368 2.97131 2.98902 2.61282 2.85669 2.72898 2.50783 2.68956 2.42123 2.70664 2.41158 2.45029 2.82129 2.98155 2.6219 2.84154 2.67728 2.76779 2.91268 2.81796 2.35564 3.03489 2.89064 2.61123 2.68415 2.8989 3.02626 2.60412 2.74 2.73127 2.64687 2.92981 2.18172 2.74398 2.88035 2.79418 3.01229 2.83493 2.52015 2.67987 2.90933 2.40369 2.5646 2.74446 2.68202 2.82359 2.81406 2.87552 2.93299 2.85412 2.53033 2.88666 2.8161 2.69566 2.82072 2.76653 2.8334 2.93727 2.98687 2.52464 2.64275 2.60374 2.99322 2.92585 3.28192 2.45668 3.00727 2.97047 2.80307 2.93098 2.6341 2.89303 2.62872 
3.29814 2.89278 3.03781 3.01981 3.04079 3.21711 3.18609 3.2518 2.87503 3.09817 2.98481 3.04947 2.7649 2.55628 2.8356 2.8488 2.89376 2.93494 3.04349 2.36967 2.93745 2.78847 2.467 3.03881 3.40608 2.78377 2.56368 0 3.17072 2.70826 3.1464 2.66295 2.96581 2.81804 2.84628 2.57576 2.80444 2.77399 2.97745 3.1245 2.55747 2.74951 2.95538 2.61313 2.96177 2.99388 3.33857 2.61015 3.40964 2.73901 2.9869 2.76637 2.58448 3.16238 3.00466 3.01261 2.23466 3.22178 2.88889 2.94814 2.46288 2.85985 2.67482 3.12932 2.97931 2.87384 2.76236 2.93573 2.83289 2.56955 2.88432 2.89953 3.23171 2.79165 3.07781 3.10621 3.22936 2.98707 2.7498 2.44367 3.08594 2.81639 3.01745 2.5227 3.3071 3.07794 2.95985 3.19374 2.88401 3.13518 2.9704 2.98499 2.64659 3.00226 2.31921 2.77998 3.16159 3.30013 2.81982 2.20695 
2.76591 2.72864 2.70573 2.97865 2.74895 2.61564 2.75437 2.67347 3.45145 2.38889 2.83191 3.0137 3.24187 2.64121 2.68801 2.81617 3.03054 2.71961 2.95136 3.00569 2.94759 3.26443 3.07979 2.61608 3.27073 2.82021 2.97131 3.17072 0 3.25157 3.12616 2.97455 2.74143 3.27194 2.82703 2.97072 2.56272 2.71935 2.55241 2.79717 3.2709 3.03014 2.8125 2.90706 2.71766 3.23269 2.99672 3.18163 2.45298 3.10612 3.12689 3.12111 2.98128 3.18309 2.24396 3.14141 2.78809 2.74228 3.04872 2.84168 2.77928 2.71234 3.21473 2.77124 2.76746 2.8123 2.51831 3.02032 3.05985 2.87194 3.2751 2.88401 2.90723 3.11755 2.89679 2.6461 2.87539 2.78752 2.9825 2.46133 3.12911 2.75942 3.00313 2.95136 3.02025 2.81279 2.77444 2.92366 2.95819 2.53745 2.70836 2.51052 3.09307 2.88406 3.36217 3.46475 2.97083 2.76035 2.81237 2.83011 
3.30511 2.85757 3.06025 2.88021 2.83934 2.94651 2.88549 2.96124 2.82324 3.0919 2.99576 2.92934 2.96275 2.66885 3.11909 2.61728 2.66706 2.75154 2.81328 2.79744 3.27687 2.87734 2.69686 2.94794 3.22949 3.1217 2.98902 2.70826 3.25157 0 2.7567 2.87106 2.81977 2.49645 3.2788 2.86834 2.70145 2.82055 3.02689 2.78449 2.97248 2.66771 2.69718 2.84836 3.08187 2.58366 2.85179 2.79379 3.13288 2.76555 2.83068 3.09794 3.00774 3.34624 2.94407 2.63799 2.59214 3.28922 2.67041 3.14989 2.88069 2.69984 3.22948 2.75485 2.71527 2.3335 2.95013 2.78274 3.02879 2.62865 2.92507 2.72031 3.07522 2.86344 2.77539 3.05439 2.82371 3.1189 2.58507 2.85229 3.2809 2.95945 3.1296 2.82416 3.34683 3.25643 3.14402 2.60568 3.26776 2.82179 2.47656 3.24013 2.4882 2.91748 2.55061 2.81721 2.87395 3.22676 2.50748 2.45176 
2.22813 3.14609 2.86669 2.93151 2.95039 3.00862 2.49431 3.20795 2.73188 3.44485 2.83396 3.08455 3.38279 2.95856 2.76332 2.56015 2.94415 3.04099 2.80813 2.96942 2.81904 3.00122 2.56295 2.82308 2.92546 3.21039 2.61282 3.1464 3.12616 2.7567 0 3.1801 3.26209 2.9887 2.66406 2.88754 2.90299 2.68857 2.93289 2.87121 2.65346 2.86736 3.00006 3.11327 2.79543 3.11587 2.95726 2.93144 2.96985 2.40747 3.06575 2.99889 3.32697 3.03485 2.58 2.61519 2.95885 2.89223 3.01861 2.67979 2.70493 2.73097 3.32795 2.57723 2.98859 2.96619 2.82939 2.99702 2.96489 2.90025 2.49937 2.95619 3.25034 3.11519 3.1397 3.07586 2.66469 3.06596 3.34344 2.80998 2.97847 3.33145 2.6397 3.08847 2.86285 3.00182 2.70703 2.72163 2.86309 3.03473 2.58943 3.22579 2.71504 2.4878 3.18859 2.74923 3.16184 3.10549 3.17115 2.68319 
3.1326 2.91184 2.94825 3.26308 2.94744 3.25168 2.83334 2.82425 3.30529 2.66748 2.935 2.88177 2.87064 2.28739 3.09446 2.59933 2.69934 2.88644 2.79392 2.616 2.85547 2.80623 2.78469 3.00497 3.46906 3.04727 2.85669 2.66295 2.97455 2.87106 3.1801 0 3.03808 2.60865 2.87894 2.7882 2.69779 2.76557 2.8454 3.08192 2.89137 2.80202 2.86545 2.75391 2.78076 2.79532 2.92179 2.62023 3.01344 3.09612 3.05189 2.79151 2.53555 3.14931 2.8331 3.03296 2.73553 3.08667 3.09591 2.96216 2.53109 2.93993 2.97092 2.78355 3.00953 2.74094 3.14266 2.68219 2.76735 2.79045 2.73428 2.75361 3.17064 3.06697 2.52788 2.86552 2.93307 3.05921 2.87706 2.45476 2.84789 2.66127 2.43744 2.56211 3.15515 3.24733 2.70751 2.95368 2.98795 2.87646 2.61814 3.13213 2.85966 2.84233 2.75327 3.07507 2.81642 3.11179 2.99818 2.78161 
2.96719 2.95436 2.84509 2.90469 2.94389 2.63439 2.85167 2.83088 3.09883 2.45126 3.17523 3.2065 2.9349 2.76379 2.61854 2.82448 2.82167 2.73723 2.92829 3.17453 3.04729 3.29898 2.29087 2.98398 3.43109 2.66771 2.72898 2.96581 2.74143 2.81977 3.26209 3.03808 0 2.8752 3.15601 2.65464 2.67796 2.53679 2.70861 2.61655 3.3719 2.63327 2.9138 3.20496 3.30015 3.09453 2.93221 2.85509 2.84422 3.09262 2.69364 2.73471 2.72736 3.22438 2.66005 3.24836 2.96691 2.65669 2.98114 2.88567 3.13403 2.92592 3.03031 2.81537 2.948 2.76423 2.67465 3.24288 3.2656 2.73791 2.98021 2.81715 2.81466 2.96735 2.81909 2.84906 3.05766 3.05757 2.69488 2.97509 2.67203 2.80354 2.90393 3.221 3.22735 2.94844 3.0308 3.15839 2.77487 2.7545 2.499 3.0873 2.44662 2.94769 2.85633 3.11257 3.00308 3.04498 2.77186 2.53589 
2.68038 2.67125 2.65785 3.09989 2.86618 2.4604 2.78286 2.56366 2.6677 2.91816 2.63664 2.71975 2.55799 2.73546 3.03547 2.55912 2.52412 3.02041 2.88541 2.9136 3.23621 2.98957 2.57116 3.09103 2.73168 3.07793 2.50783 2.81804 3.27194 2.49645 2.9887 2.60865 2.8752 0 3.09364 2.56807 2.82035 2.89305 2.71568 2.78461 2.56081 2.89762 2.6613 2.59306 2.64864 2.79463 2.93684 2.57435 2.93117 2.97944 2.79995 3.0423 2.72812 3.07406 3.05258 2.62148 2.76264 2.85392 2.9992 2.36584 2.93283 3.15528 2.54965 2.73094 2.4805 2.38406 3.09483 3.10024 2.62188 2.32531 2.5409 2.88731 2.91938 2.74777 2.7331 2.51938 2.68669 2.7753 2.78726 2.67576 2.86779 2.46355 2.8542 2.65667 3.0149 3.0671 2.88352 2.79589 2.89591 2.89164 2.68923 2.86754 2.54662 3.08116 2.83809 2.67237 2.6598 2.71504 2.67667 2.68144 
2.43255 2.79355 2.97447 3.11861 2.95023 2.95562 2.85002 2.70572 3.22978 3.35756 2.76514 3.38125 2.80064 2.80678 2.83654 2.71792 2.94647 2.964 2.50688 2.79099 2.92723 2.51389 2.96816 2.91079 3.16304 2.97949 2.68956 2.84628 2.82703 3.2788 2.66406 2.87894 3.15601 3.09364 0 3.06672 3.04629 2.6203 3.24335 3.07678 2.67899 3.07924 2.77399 2.64634 2.66341 3.36936 3.15451 2.83942 3.05179 3.04208 3.09914 3.22696 2.98076 3.10054 2.8455 3.31247 2.58062 2.9766 3.35265 2.77828 2.77461 2.8927 3.04146 2.58503 3.09118 3.07146 2.96349 2.91342 2.98025 2.85451 3.06835 3.03412 3.10388 2.79258 3.04825 2.47524 2.31988 2.61179 3.13422 2.50114 3.17016 2.69417 2.60588 2.9571 2.91185 2.74906 3.23 3.30453 3.04247 2.90531 2.51154 3.08026 2.84145 2.95333 2.94742 3.29222 3.18898 3.02269 3.25052 2.64822 
2.68368 2.89332 2.55616 3.15344 2.64099 2.92382 2.9179 2.84124 2.71438 2.83601 3.15943 2.98574 2.98337 2.32218 2.56937 2.92634 2.91774 3.04547 3.17389 2.65723 2.75134 2.59955 2.34514 3.03238 3.42464 2.53043 2.42123 2.57576 2.97072 2.86834 2.88754 2.7882 2.65464 2.56807 3.06672 0 2.90554 2.50106 2.64039 2.41482 2.70776 2.90675 2.84365 2.48678 2.76228 3.19434 3.03512 2.70097 3.00988 2.8504 2.78253 2.84882 2.47866 2.56794 3.06702 3.12265 2.73085 2.73791 2.90935 2.64001 2.79862 2.59218 2.99142 2.93937 2.8032 2.73244 2.61943 3.10328 2.67255 2.2198 3.02547 2.7363 2.92125 2.78692 3.00926 2.94186 2.87998 2.55567 2.9661 2.6699 2.92374 2.81059 2.73115 2.67613 3.09976 3.15438 2.88047 3.23486 2.56189 3.33009 2.49252 3.14028 2.36735 2.80601 2.92052 2.85967 2.70172 2.72664 2.63532 2.65773 
2.71307 2.75723 2.94413 2.77843 2.58105 3.01085 2.86202 3.31803 3.13038 2.95723 2.39444 2.67832 2.67547 2.54743 3.00227 2.55807 2.75371 3.1215 2.75919 2.51333 3.15027 3.19723 2.7551 2.67577 3.13707 3.20204 2.70664 2.80444 2.56272 2.70145 2.90299 2.69779 2.67796 2.82035 3.04629 2.90554 0 2.59949 2.29709 2.56545 3.06959 2.61795 2.58606 2.98298 2.8411 2.88286 2.78761 2.6552 2.60678 2.88619 2.99236 2.66781 2.68226 3.30765 2.56273 2.83165 2.41347 2.96528 2.80905 3.03282 2.50351 2.90807 2.8972 3.03534 3.22831 2.72749 3.06733 2.73784 2.6759 2.58637 2.68828 2.57558 3.15423 2.95862 2.9316 2.439 2.6211 3.03128 2.88811 2.59114 2.92643 2.85129 2.71236 3.08034 3.07565 2.88287 2.85228 2.77736 3.18749 2.3489 2.57829 2.9572 2.56701 3.09707 2.98669 3.04285 2.86837 3.12503 2.80304 2.95433 
2.73856 2.42238 2.6824 2.92451 2.78674 3.06035 2.85241 2.81013 3.09053 2.92826 3.122 3.26385 2.78053 2.72342 2.26589 2.67573 3.03066 3.01494 2.68079 2.26988 2.34064 2.84511 2.50814 3.01761 3.06573 2.51887 2.41158 2.77399 2.71935 2.82055 2.68857 2.76557 2.53679 2.89305 2.6203 2.50106 2.59949 0 2.74385 2.24063 2.81457 2.77242 2.69102 2.76754 3.01844 3.01301 2.74046 2.92357 3.20309 3.01586 2.78993 2.78907 2.6778 2.92167 2.48409 3.22782 2.78385 3.1436 2.91686 2.71455 2.95293 2.65273 3.10896 2.51069 2.82924 2.72836 2.94167 3.1411 2.87284 2.78752 3.02289 2.605 3.14839 2.89084 2.74984 2.56142 2.97163 2.53631 2.84437 2.58085 2.39579 2.82669 2.608 2.58598 2.96397 2.91082 2.72992 3.22961 3.02654 2.75523 2.63267 3.13612 2.81877 3.04596 2.8367 2.90572 2.8614 2.88152 2.86781 2.47947 
2.61875 2.69458 2.88261 2.71337 2.43776 2.53386 2.72907 2.87313 2.86388 2.72802 2.5771 3.16577 2.89722 2.22233 2.90565 2.84912 2.84053 3.09488 2.67718 2.72029 3.16064 3.13284 2.67153 2.67126 2.92494 2.88839 2.45029 2.97745 2.55241 3.02689 2.93289 2.8454 2.70861 2.71568 3.24335 2.64039 2.29709 2.74385 0 2.83931 3.00341 2.76957 2.75081 2.87931 3.17184 2.90565 2.73497 2.86509 2.56052 2.88931 2.7912 2.60223 2.94889 2.92073 2.47611 2.95635 2.82154 2.44608 2.99622 2.46615 2.91716 2.96739 2.97558 2.70929 2.72178 2.9385 3.0214 2.86756 2.57533 2.72041 2.96134 2.94227 3.13482 3.11206 3.15239 2.80846 3.237 3.03118 2.77523 2.63928 2.56074 2.5389 2.62099 2.92463 2.63521 2.64244 2.57573 3.05977 2.86732 2.87628 2.56815 3.20735 2.69052 3.29889 3.17598 2.71727 2.87978 2.78215 2.50997 2.71224 
2.78704 2.61632 2.7367 3.1779 2.95993 2.4873 2.80373 2.94785 3.3761 2.88901 3.08091 2.87054 2.91303 2.94909 2.77369 2.66495 2.84683 3.10622 3.252 3.07257 2.87564 2.91498 2.57388 2.97616 2.85236 2.63466 2.82129 3.1245 2.79717 2.78449 2.87121 3.08192 2.61655 2.78461 3.07678 2.41482 2.56545 2.24063 2.83931 0 3.03902 3.23456 2.99614 2.77041 2.90443 3.2823 3.01033 3.34242 3.01033 3.04914 2.66097 2.68725 2.49215 2.89672 2.63775 3.0294 2.66276 2.91682 2.87444 2.865 3.15933 3.03154 3.26273 2.87944 2.85551 2.77593 2.91552 3.03225 2.98567 2.66975 2.94864 2.98851 3.1888 3.03228 2.78699 2.48528 2.76112 2.82182 2.48087 2.89389 2.9624 2.98111 2.88194 2.94751 3.10901 3.32742 2.83412 3.1308 3.33365 2.98251 2.6985 3.21173 2.69733 2.99555 2.73074 3.04047 2.8212 2.95199 2.67006 2.95804 
2.76289 2.82893 2.96616 2.94451 2.87862 3.07353 2.98446 3.10751 3.01508 3.48626 2.94017 3.12772 3.05517 2.87917 2.55425 2.34758 2.75821 2.92971 3.10494 2.83675 2.91516 2.35232 2.5575 2.96666 3.10693 2.68681 2.98155 2.55747 3.2709 2.97248 2.65346 2.89137 3.3719 2.56081 2.67899 2.70776 3.06959 2.81457 3.00341 3.03902 0 3.21064 3.22785 2.72741 2.41259 3.37315 3.14983 2.84934 3.13291 3.03426 2.99967 2.91813 2.88517 2.92435 2.84164 2.77771 2.78089 3.32893 3.12519 3.01706 2.72237 2.84734 2.91045 2.80051 2.72868 2.95106 3.4225 3.34313 3.06943 2.42999 2.87867 3.28357 2.90567 2.90621 3.17542 3.06097 3.04097 3.00763 3.12857 2.55521 3.163 2.81893 2.97727 2.6572 3.05724 2.85084 3.20235 3.33917 3.05703 3.3581 2.85334 2.79311 2.97169 3.02545 2.91039 2.85301 3.07722 3.16069 2.92284 2.4998 
2.81454 3.09481 3.05064 2.82516 2.95518 3.22862 2.87384 3.07205 3.03011 2.90564 2.9447 3.26313 2.99747 2.44779 2.86705 3.0395 2.94972 2.7856 2.7125 3.07109 2.99591 2.92054 2.49682 3.18593 3.15139 3.07101 2.6219 2.74951 3.03014 2.66771 2.86736 2.80202 2.63327 2.89762 3.07924 2.90675 2.61795 2.77242 2.76957 3.23456 3.21064 0 2.6067 2.9024 3.21177 2.6478 3.10029 2.61898 3.14292 2.68131 2.67184 3.02826 2.87224 3.5607 2.61333 3.25845 2.70442 3.09703 2.93624 3.00677 2.56494 3.07626 2.875 2.73143 2.82993 2.70702 2.78747 3.20324 3.13861 2.30374 2.70548 2.80149 2.97785 3.27065 2.80244 3.12237 2.56303 3.22616 2.97574 2.74073 2.81631 2.86554 3.07377 2.88876 2.93017 3.23918 3.24695 3.02803 2.64372 2.63155 2.85905 2.98637 2.89031 2.97083 2.88224 3.17416 2.78637 3.26439 3.07527 2.51252 
2.70706 2.64557 2.85279 3.19022 2.74679 2.78978 2.51036 2.61649 2.97279 2.97576 2.59514 2.79861 2.82316 2.43135 3.26795 2.95919 2.74117 3.0147 2.56139 2.67265 2.9843 2.99452 2.84968 2.83405 3.02191 3.15989 2.84154 2.95538 2.8125 2.69718 3.00006 2.86545 2.9138 2.6613 2.77399 2.84365 2.58606 2.69102 2.75081 2.99614 3.22785 2.6067 0 2.99808 2.92934 2.58225 2.83648 2.87698 2.67303 2.79017 3.06972 2.77172 3.2032 3.37954 3.21095 2.75748 2.66766 2.78743 2.71651 2.69735 2.70687 2.70771 3.00836 2.48505 2.75841 2.6024 2.94547 3.17662 2.44854 2.72092 3.01219 2.54858 2.97702 2.6763 2.61598 2.46193 2.59576 2.73312 2.89936 2.97849 2.83919 2.69858 2.87957 3.02232 2.96933 2.88155 2.81629 2.69554 3.20196 2.80025 2.5317 3.0439 2.38076 3.20885 3.10992 2.93227 2.88689 3.17961 2.83088 2.97194 
2.93469 2.31015 2.65171 3.48165 3.14654 2.77853 3.15335 2.87482 3.07543 3.05939 2.66138 3.2143 3.01216 2.61888 2.49589 2.87875 2.97364 2.82645 3.0565 3.012 3.09858 2.48816 2.61966 2.85578 3.10036 2.76642 2.67728 2.61313 2.90706 2.84836 3.11327 2.75391 3.20496 2.59306 2.64634 2.48678 2.98298 2.76754 2.87931 2.77041 2.72741 2.9024 2.99808 0 2.87375 3.06273 2.90438 2.89072 3.62066 2.88732 2.66915 3.18623 2.99179 3.16366 2.83262 3.22806 2.44366 3.03854 3.35689 2.59 2.89991 2.89613 2.96723 2.96104 2.58001 2.655 2.86776 2.81639 2.83976 2.30187 2.9651 3.07642 3.11725 2.83062 2.97153 2.75033 2.711 2.82937 2.65521 2.72009 3.43072 2.54747 2.73728 2.37393 3.3701 3.22141 3.11559 3.06391 2.75094 2.86838 2.74473 3.05477 2.90252 3.06546 2.28599 3.17142 2.94148 3.00854 2.94821 2.92288 
2.67608 2.94793 3.05855 2.80097 2.62157 2.73171 2.64062 2.64388 2.68806 2.84979 3.04344 3.09129 3.01952 2.7278 2.79749 2.35926 2.62252 2.91871 3.06365 2.87021 3.11392 2.41385 2.91032 2.76942 3.00334 3.07755 2.76779 2.96177 2.71766 3.08187 2.79543 2.78076 3.30015 2.64864 2.66341 2.76228 2.8411 3.01844 3.17184 2.90443 2.41259 3.21177 2.92934 2.87375 0 3.2401 2.9656 2.66057 3.13494 2.77774 3.15485 2.75753 2.83095 2.77895 2.48464 2.997 2.63469 2.99195 2.74023 2.88337 2.60364 2.65941 2.96502 2.79463 2.81316 2.41492 3.08213 3.0119 2.42786 2.77022 3.02062 2.86685 2.76498 2.75177 2.57349 2.59448 2.52495 2.76928 3.10427 2.89154 2.99482 3.02863 2.75998 3.03805 3.08177 2.65164 2.84138 2.55757 2.97292 2.88532 2.63038 2.56984 2.74681 2.74834 2.99175 3.07207 2.81488 2.78985 3.12567 2.72092 
3.46249 3.06324 2.60213 3.19627 3.07116 3.26245 2.5488 2.84323 3.17169 3.12041 2.6034 2.97854 2.9062 2.42954 3.0628 2.80932 2.56439 3.24343 2.8501 2.62339 3.13576 3.3957 3.0898 3.10325 2.63436 3.43693 2.91268 2.99388 3.23269 2.58366 3.11587 2.79532 3.09453 2.79463 3.36936 3.19434 2.88286 3.01301 2.90565 3.2823 3.37315 2.6478 2.58225 3.06273 3.2401 0 2.55049 3.2655 3.22985 2.82409 3.48903 3.04851 3.19993 3.33738 2.85382 2.65293 3.07838 3.12367 3.06887 2.74696 2.96355 2.9837 3.30032 2.98048 2.59905 2.72988 3.17415 3.08992 3.26249 2.79874 2.78743 2.8288 3.21294 3.19018 2.87615 2.57964 3.02331 2.74139 2.76197 3.25743 2.58114 3.00431 2.86661 2.97413 3.31766 3.19826 2.87061 2.70689 3.09286 2.82915 2.83479 3.2826 2.85277 2.70518 3.04936 2.91201 2.89146 3.44583 3.61814 2.98245 
3.26273 2.66705 2.6802 3.24061 2.84402 2.99058 2.8482 2.63974 3.06085 2.94415 2.72208 2.69866 3.01075 2.85831 2.56065 2.61671 2.55879 2.69024 2.80657 2.52447 3.08509 3.21318 2.88159 2.88809 2.73805 3.0245 2.81796 3.33857 2.99672 2.85179 2.95726 2.92179 2.93221 2.93684 3.15451 3.03512 2.78761 2.74046 2.73497 3.01033 3.14983 3.10029 2.83648 2.90438 2.9656 2.55049 0 3.15098 3.1348 2.79307 3.37429 3.02889 3.02283 3.02073 2.73386 2.73018 3.13396 3.08933 2.95803 2.68086 3.06895 2.90859 3.24602 2.81565 2.47642 2.51356 3.38185 2.93316 2.58957 2.71254 2.81839 2.73135 2.65232 2.88145 2.71465 2.78228 2.85511 3.1542 2.62773 3.46322 3.01085 3.04038 2.61617 2.94073 2.99433 2.67898 2.64703 3.0851 2.9576 2.75438 2.87188 3.00856 2.79946 2.98645 3.1664 2.97955 3.01046 2.87339 3.22697 3.05774 
2.75668 3.18159 2.92672 2.92658 3.00308 2.9627 3.06853 2.91408 2.76199 2.96474 2.83884 3.09561 2.89972 2.22195 3.23313 2.8506 2.61909 2.90788 2.84812 2.66681 3.19581 2.74475 2.44841 2.63564 3.49737 3.16021 2.35564 2.61015 3.18163 2.79379 2.93144 2.62023 2.85509 2.57435 2.83942 2.70097 2.6552 2.92357 2.86509 3.34242 2.84934 2.61898 2.87698 2.89072 2.66057 3.2655 3.15098 0 3.18741 2.86887 2.95143 2.98843 2.79033 3.09379 3.06453 3.02179 2.82722 2.93863 2.92498 2.84526 2.91897 2.9855 2.86663 3.08857 3.07919 2.41569 3.11892 3.0681 2.61389 2.59975 2.72977 2.99502 3.48987 2.82041 3.20404 3.15444 2.92667 2.91988 3.20089 2.44846 3.11973 2.6752 2.54676 2.92891 2.99 2.68103 3.02973 2.57116 3.15975 3.0553 2.8311 3.06149 2.16954 3.12596 2.80846 3.21204 3.07182 3.14826 2.91072 2.24082 
2.76778 3.08832 2.85093 3.23518 2.75646 2.95026 2.35391 3.08675 3.55188 2.95349 2.81128 2.8932 2.90225 2.69859 3.29259 2.83787 2.80908 3.01247 2.99765 3.02644 3.27759 3.39997 3.02368 2.8012 3.17308 3.00999 3.03489 3.40964 2.45298 3.13288 2.96985 3.01344 2.84422 2.93117 3.05179 3.00988 2.60678 3.20309 2.56052 3.01033 3.13291 3.14292 2.67303 3.62066 3.13494 3.22985 3.1348 3.18741 0 3.10587 3.15271 2.97536 3.02432 3.61374 3.15163 2.73874 3.09795 2.6901 3.11032 3.18066 2.76939 3.01262 3.27402 2.95134 3.02382 2.92532 2.9139 2.96941 3.1115 2.95445 3.10742 3.09209 3.20213 3.09838 3.10687 2.8981 2.81021 3.09309 3.02 2.70942 3.03948 2.70849 3.15983 3.20458 2.98837 2.93127 2.9991 3.07331 3.16652 3.06128 2.85345 3.04156 2.644 3.16872 3.6137 2.9212 2.91483 2.82294 2.93241 3.01488 
2.65852 2.92694 3.1459 2.93531 3.19328 3.08391 2.92959 3.31208 2.8314 3.14356 2.84914 3.0905 3.17037 2.93028 2.85732 2.97968 2.87322 2.98121 2.75862 2.9061 3.18258 2.90537 2.56225 3.13618 2.63858 3.21271 2.89064 2.73901 3.10612 2.76555 2.40747 3.09612 3.09262 2.97944 3.04208 2.8504 2.88619 3.01586 2.88931 3.04914 3.03426 2.68131 2.79017 2.88732 2.77774 2.82409 2.79307 2.86887 3.10587 0 3.05053 2.63387 2.80663 3.32127 2.67409 3.14531 2.67509 2.7158 2.56385 2.93309 2.68614 3.10207 3.18685 2.49639 2.65761 2.62014 2.96745 3.01658 2.32615 2.93178 2.91982 2.79692 3.25411 3.24377 3.29991 3.02618 2.70489 2.89961 2.99743 2.94336 3.04909 3.15962 2.72955 2.86577 2.83507 2.91825 2.79524 2.91033 3.04005 2.67771 2.58911 3.04419 2.47897 2.44213 2.95828 2.97357 2.83634 3.03352 3.38689 2.82994 
