0 3.94408 3.71235 4.37526 3.6485 4.12711 3.88896 4.41789 4.12631 3.77512 3.91986 4.10375 4.23739 4.08808 3.63335 4.03006 4.12375 3.95567 4.38414 3.95206 3.98438 3.85282 3.75897 3.8755 3.96351 3.7602 3.98807 4.14721 3.80711 4.05426 4.0782 4.10551 4.16081 4.15455 4.32223 3.94798 3.97765 4.20492 4.06116 4.06686 4.32326 4.10054 3.83688 3.91775 3.9669 3.74641 3.73071 4.26343 4.04911 3.94324 3.87704 3.7164 4.62684 3.64464 4.23986 4.04543 4.07286 3.69345 4.16683 4.01368 3.70089 4.19593 3.71808 3.81551 4.26347 3.9774 3.5435 3.93324 4.12005 4.15164 4.12957 4.05436 4.54082 4.19144 4.01693 3.83356 4.13974 3.99961 3.76008 4.25016 3.69315 4.27082 4.08851 4.13217 4.12847 4.09665 3.87628 4.16574 3.86335 4.22535 4.09304 3.87894 3.66065 3.23083 4.30781 3.94779 3.84199 4.2212 3.65186 3.79712 
3.94408 0 3.94038 4.72362 4.31154 4.56513 3.92051 4.20914 4.1451 4.40534 4.34809 4.02804 4.22455 3.94275 3.69888 4.19618 4.4049 4.29474 4.75875 4.16073 4.0915 3.95977 4.23905 4.11754 4.24953 4.0897 4.10576 4.3657 3.82529 3.86278 3.68007 3.95789 3.82064 4.6393 3.99088 4.1157 4.37895 4.10625 4.17223 3.93024 4.57312 4.00328 3.93461 3.90544 4.2699 3.81144 4.3595 4.23182 4.44583 4.43982 4.237 4.49529 4.06738 3.84124 3.75737 4.42828 4.20196 3.91754 4.47533 3.847 3.96164 3.83421 4.11467 3.91517 4.01977 4.14748 3.86446 3.90138 4.24912 4.00857 4.13449 4.16631 4.39101 3.8831 3.86514 4.2834 3.95926 4.22273 4.18291 4.2709 3.7497 3.82487 4.0204 4.22486 4.36299 4.37134 4.18113 4.28732 4.18453 4.34842 4.11917 4.47823 4.46521 3.932 4.57409 4.22498 4.2894 3.848 4.36 4.17776 
3.71235 3.94038 0 4.24788 3.84459 4.06068 3.74982 3.85815 3.93318 4.03948 3.92212 4.09553 3.95936 3.82848 3.67322 4.31681 3.85595 4.51837 4.34184 4.11232 4.27978 4.05573 4.04349 4.32167 3.90982 3.59868 3.46883 4.03932 3.89442 3.87323 4.14222 3.96708 3.8679 3.92085 4.01 4.4099 3.97066 4.22696 3.88024 4.05598 3.83402 3.99594 4.13187 4.10531 3.72528 4.18918 3.97603 3.98111 4.1393 3.98755 3.87439 3.90847 3.68426 3.90115 3.82919 3.7504 3.81802 4.02917 3.89315 4.5032 3.82555 3.97952 3.88855 3.78892 3.69981 3.92152 4.13333 4.20648 3.78851 3.99968 3.85588 3.73737 4.39173 4.27328 4.47281 3.51591 4.06907 3.84374 3.90041 4.43182 3.54293 3.95704 3.79471 4.39719 3.94889 3.94013 4.03905 3.85847 4.09641 3.99787 3.88333 4.02295 3.8585 4.12201 4.39667 4.00601 3.99808 4.11793 3.60248 4.03571 
4.37526 4.72362 4.24788 0 4.18831 4.20901 4.16684 4.20014 4.41851 4.27618 4.19611 4.43822 4.45891 4.07134 4.29322 4.29467 3.81531 4.41767 4.7689 4.20202 3.77915 4.48126 3.51067 4.10139 4.52073 4.11163 4.06492 3.88997 4.26144 3.99494 4.36476 4.10263 3.95292 4.24156 3.90411 4.6522 4.03423 4.03546 4.1212 4.5657 4.10953 4.51351 3.88409 4.20319 4.47515 4.22649 4.45671 4.41247 4.36977 4.02879 4.56954 4.34619 4.27175 4.46352 4.00525 4.18094 4.14021 4.52751 3.71369 4.36611 4.34642 4.01853 4.09281 3.73422 3.93857 4.02174 4.23726 4.453 4.25997 4.04689 4.22065 4.27502 4.42562 4.47271 4.21241 4.2775 4.25586 4.29518 3.54416 4.65084 4.41963 4.42834 4.18494 4.10505 4.05818 4.1935 4.33654 4.21224 4.27473 4.01971 4.06553 4.33419 3.88506 4.39865 4.19371 4.08558 4.28471 4.39266 4.23883 4.52588 
3.6485 4.31154 3.84459 4.18831 0 4.26818 3.67875 4.06279 4.1466 3.94186 3.86598 4.35576 4.20161 3.94127 4.00723 3.97182 4.07419 4.00657 4.50467 3.77985 4.02646 3.97448 3.76859 4.3159 3.90705 4.04232 4.06339 3.9043 3.96543 4.04552 3.86585 4.11199 4.18683 3.9739 4.54845 4.48248 4.14446 4.18568 4.03343 4.25435 4.17911 4.1103 3.93825 3.70898 4.06276 3.70982 3.89734 4.16744 4.13208 3.77408 3.77383 3.9745 4.20472 3.72879 3.95128 4.37865 4.18646 3.74214 4.04182 4.06737 4.29794 3.83898 4.05057 3.51578 4.2128 3.95549 3.83508 3.87612 3.46672 4.07959 4.29651 4.03419 4.47318 4.04867 3.95105 4.15046 3.97974 3.85986 3.58782 4.42987 3.84194 3.61425 3.82447 3.98762 4.0871 4.07222 4.19695 3.91836 3.93305 3.5714 4.01411 3.93145 3.71585 4.3447 4.38205 4.0659 3.29647 4.11565 3.9021 3.98033 
4.12711 4.56513 4.06068 4.20901 4.26818 0 3.76967 4.19313 4.24008 4.10326 4.14372 3.95459 4.13459 3.61383 4.09267 4.3165 3.90205 4.5527 4.31469 4.14097 3.93107 4.32734 4.23268 3.83744 4.542 4.6057 4.25714 4.11358 4.41251 4.30945 4.23332 4.20993 4.06882 4.31408 4.45323 4.19247 4.08385 4.09585 4.17658 4.17372 4.07138 4.29886 4.15135 4.36704 3.9768 4.15769 4.45623 4.24593 4.27488 3.93517 3.91962 3.73827 4.22087 4.16873 4.35774 4.15905 4.18149 4.03607 4.08683 4.64647 4.43908 3.92074 4.15251 4.11189 4.23075 4.25029 4.58357 3.99482 4.39712 4.14938 4.24966 4.14962 4.18977 4.20737 4.19757 4.20115 4.11658 4.46566 3.94115 3.8511 3.8974 4.44825 3.9928 4.11613 4.39327 4.2149 3.9328 4.31818 4.18511 4.07804 3.71522 4.18004 4.22698 4.01716 4.39621 4.29158 4.11766 4.4719 3.74038 4.04424 
3.88896 3.92051 3.74982 4.16684 3.67875 3.76967 0 3.29868 3.7045 3.68914 3.92958 3.71041 3.33877 3.50088 3.53296 3.84 3.88794 3.98655 4.46908 3.76958 4.2714 4.02865 3.70296 3.82555 4.11793 4.10498 4.01047 4.12735 3.64227 4.06613 4.07907 3.79866 4.04459 3.84392 4.33648 4.25349 4.08954 3.99284 3.96022 3.84924 4.2479 3.93876 3.78306 3.9947 3.67672 4.18791 3.96884 4.39106 4.08981 3.6743 3.72472 3.68458 3.91226 3.87759 4.2582 3.69506 3.93831 3.67017 3.66276 3.86208 3.78427 3.65007 3.715 3.53041 3.638 3.74407 4.01053 3.86057 4.28727 3.71607 4.22918 3.72124 4.11051 3.77218 3.78652 3.91474 3.90322 4.12226 3.92489 3.79076 3.65299 3.90384 3.91791 3.95901 3.96365 3.90946 4.24678 3.86402 4.26514 3.56875 3.77208 4.14643 4.4197 3.93578 3.98665 4.00797 3.91554 3.84141 3.98216 4.26632 
4.41789 4.20914 3.85815 4.20014 4.06279 4.19313 3.29868 0 4.11355 4.07512 3.69648 3.94267 3.87404 3.82439 4.10035 3.91906 3.81961 4.40322 4.31656 3.89924 4.58224 4.33745 3.78479 4.19826 4.46208 4.4656 3.99591 4.3081 4.21421 4.21054 4.23259 4.32443 3.97712 4.10207 4.0333 4.35781 4.01377 4.32149 3.85531 4.00191 4.24513 4.37078 4.19124 4.38215 4.00132 3.81061 4.3541 4.84914 4.12492 4.06125 3.92858 3.97761 3.87992 4.03726 4.26821 4.3608 4.231 4.19247 3.82579 4.58161 4.03037 4.02066 4.2122 3.73345 4.11231 3.81458 4.44994 4.12999 4.30753 3.98342 4.67908 4.07189 4.29903 4.30043 4.29829 4.08168 3.86292 4.1315 3.92899 4.34624 4.18736 4.0671 4.33674 4.01405 4.02828 4.26577 4.4997 4.17871 4.38135 4.18217 4.07233 4.5495 4.36787 4.44358 4.52781 4.02617 3.89329 4.03469 4.02109 4.30436 
4.12631 4.1451 3.93318 4.41851 4.1466 4.24008 3.7045 4.11355 0 4.34258 3.85852 3.6392 3.84016 3.6627 3.59516 3.65527 3.94037 4.14896 4.51626 4.08769 4.55035 4.30561 4.16914 4.39591 3.83504 4.21801 4.25671 4.16741 4.2495 4.52521 4.09883 4.44704 4.29199 4.2763 4.17535 4.25591 3.77472 4.40128 4.19648 4.28744 4.33268 3.83303 3.89322 4.14535 4.33308 4.25484 4.11254 4.12324 4.32784 4.01252 4.02825 4.06003 3.91846 4.33508 4.25616 4.25563 4.1234 4.11254 4.03422 4.49025 3.78677 4.24657 3.94816 3.77927 3.78301 3.9912 4.08818 3.99189 3.91955 4.37733 4.11975 4.02211 4.37931 4.35864 4.11081 4.20078 4.15146 4.42814 3.85105 4.00111 3.76349 3.76861 4.36838 4.03072 4.0674 4.26176 4.06902 4.31288 4.75984 3.7965 4.56789 3.97112 4.16072 3.52233 4.33588 3.74192 4.0726 4.18517 4.03242 4.16951 
3.77512 4.40534 4.03948 4.27618 3.94186 4.10326 3.68914 4.07512 4.34258 0 4.02617 4.25923 4.28608 3.99421 3.8966 4.26789 4.35483 3.49103 4.06039 4.07813 4.40266 4.47786 4.07302 4.14968 3.97157 4.04074 3.49011 3.7279 3.91344 4.10569 3.89035 3.97995 4.6829 3.96945 4.22316 4.38648 4.32439 4.2865 4.29632 4.09939 4.17329 4.29874 3.96675 4.38817 4.06627 4.10759 4.39053 4.27029 4.12335 3.90043 4.259 3.69679 4.39957 3.95197 4.17329 4.26836 3.91405 3.95099 4.13287 4.28285 3.93567 4.0388 3.92899 4.04112 4.31217 4.02713 3.74494 4.04456 4.43188 3.99542 4.38638 4.16524 4.33932 4.02124 4.07729 3.91121 4.33174 4.65637 4.01432 4.11965 4.12027 4.34543 4.11752 4.1666 3.71335 4.121 4.04635 4.25671 3.67192 4.08315 3.85663 3.9501 4.23062 4.12114 4.073 3.9847 4.31266 4.15429 3.87556 4.56112 
3.91986 4.34809 3.92212 4.19611 3.86598 4.14372 3.92958 3.69648 3.85852 4.02617 0 3.7819 4.44731 3.84001 3.79567 3.87482 3.89432 3.86445 4.49162 3.93492 4.02209 3.79334 3.869 4.05152 4.14872 4.16629 3.99788 4.09199 4.02052 3.75602 4.09218 4.2121 3.74997 3.95809 4.13753 4.34124 3.62844 4.33679 3.95435 3.78966 4.22109 4.12617 3.62832 4.02061 4.16334 3.75408 3.7962 3.98006 3.97232 3.62713 3.83026 3.86724 3.94128 4.17797 4.41937 3.73121 4.30193 3.8876 3.75613 3.93911 3.78413 4.0608 3.87186 3.92945 4.18678 3.94037 4.44996 4.27963 3.65671 3.84373 4.33706 4.30667 3.93994 4.22903 3.82539 4.16701 3.95458 3.97448 3.90532 3.90517 4.07338 4.1445 3.92185 4.1614 3.79267 3.99345 4.30941 4.14295 3.91944 4.15667 4.24952 4.02225 3.72838 3.89543 3.90226 4.01452 3.90301 4.17002 3.98262 3.8118 
4.10375 4.02804 4.09553 4.43822 4.35576 3.95459 3.71041 3.94267 3.6392 4.25923 3.7819 0 4.15928 3.41621 3.97928 3.49603 4.42632 4.40202 4.47949 3.97237 4.33142 4.24073 3.70835 4.05702 3.81823 4.39075 4.2565 4.44396 3.99468 4.08116 3.92339 3.84292 3.93479 4.11218 4.07222 4.268 4.2842 4.46035 3.99071 3.89497 4.17148 3.86793 4.27716 4.35186 3.99406 4.00547 4.19044 4.32819 4.06669 3.87775 3.73803 3.98571 3.7727 4.24494 4.44786 4.11135 4.06332 4.32725 3.9893 4.31148 3.9403 3.93632 3.89646 3.95037 4.03437 3.92986 4.07588 4.24386 4.36173 4.16427 4.09645 4.19865 3.88017 4.33209 4.12547 3.9406 4.0103 4.42839 4.00828 3.79883 4.08785 4.25018 4.46474 3.90073 4.22687 4.40274 4.23638 4.03411 4.35635 3.66685 4.23452 3.97761 4.28736 3.8025 4.5638 4.27605 4.42702 4.239 3.94268 3.8531 
4.23739 4.22455 3.95936 4.45891 4.20161 4.13459 3.33877 3.87404 3.84016 4.28608 4.44731 4.15928 0 3.74965 4.16397 3.88911 3.90687 4.19025 4.19788 4.14589 4.12623 4.55777 4.36916 4.15242 4.24252 3.8384 4.09934 4.19612 4.41989 4.32588 4.12846 4.00189 4.40669 3.9739 4.26023 4.36659 4.59997 4.13922 4.05287 4.4378 4.40848 4.0419 3.81931 4.41409 4.37298 4.02613 4.02052 4.2697 4.10893 4.07871 3.74144 4.22897 4.07577 3.84709 4.06333 4.18712 4.06618 3.94892 3.88367 4.52131 4.25213 4.04761 4.36197 4.53148 4.21128 4.06132 4.02233 4.21801 4.05376 4.21894 3.86844 3.86555 4.13691 4.23417 4.28841 4.31083 4.23768 4.41725 3.92026 4.06855 3.77249 3.86422 3.84602 4.15866 4.29302 3.99465 3.88697 4.06297 4.34839 3.73031 4.10638 4.44083 4.34129 4.16488 4.60825 4.06657 4.44225 4.08864 3.76211 4.27099 
4.08808 3.94275 3.82848 4.07134 3.94127 3.61383 3.50088 3.82439 3.6627 3.99421 3.84001 3.41621 3.74965 0 3.81959 4.07712 3.92679 4.26834 4.43805 3.84183 4.05827 4.0128 3.81757 3.97304 3.86109 3.96708 4.04375 4.00724 3.56079 4.00048 3.59894 3.71187 3.94401 4.07435 3.97429 4.40148 3.97947 3.97733 3.98465 3.96763 4.16953 3.92592 3.92244 3.89478 3.7923 4.21929 4.07594 3.82082 4.06817 3.59378 3.41245 4.09743 3.87482 4.28496 4.03685 4.27429 3.93541 3.98033 3.78037 4.25823 3.79191 3.97878 3.81715 3.71687 3.97055 4.02872 4.06382 3.90717 3.69776 3.95578 3.95756 3.30397 3.9365 4.10551 3.92416 3.90865 3.95671 4.02425 3.82584 4.06801 3.96271 3.79523 3.55075 3.80712 3.88445 3.87343 3.99912 3.8251 3.94134 3.74709 4.02381 3.85083 4.28948 3.9152 4.11416 3.57865 4.18285 4.00687 3.79951 4.13731 
3.63335 3.69888 3.67322 4.29322 4.00723 4.09267 3.53296 4.10035 3.59516 3.8966 3.79567 3.97928 4.16397 3.81959 0 3.87275 4.1035 3.90107 4.30967 4.06059 3.86113 4.04389 4.0639 4.16092 3.90436 4.20415 3.47312 4.02306 4.01763 4.08156 4.27764 3.73261 4.18695 4.24103 3.96078 4.13388 4.08395 4.42361 4.08145 3.88049 4.26581 3.80378 3.79793 3.79777 3.95913 4.29759 3.92773 3.89319 4.02948 3.71078 3.86387 3.91777 4.19546 4.07268 4.07887 3.79181 4.04302 3.76341 3.96323 4.00544 3.94653 3.993 4.05291 3.50296 3.65606 4.14498 3.98644 4.15011 4.53568 3.51448 3.79427 3.82166 4.39287 3.86417 3.94422 3.95055 4.02096 4.30796 3.85124 4.17946 3.85585 3.70044 4.07022 4.05999 3.80124 4.03015 4.07326 4.00122 4.37834 3.9362 3.93667 4.04087 4.16712 3.70236 4.00971 3.98444 4.17953 3.95569 4.10707 4.34237 
4.03006 4.19618 4.31681 4.29467 3.97182 4.3165 3.84 3.91906 3.65527 4.26789 3.87482 3.49603 3.88911 4.07712 3.87275 0 4.01039 3.92616 4.377 4.08684 3.95522 4.10593 3.94355 3.67968 4.13936 4.27876 4.25689 4.02098 3.91559 4.13322 4.48702 3.88167 4.30918 4.19106 4.30431 3.54903 4.23424 4.03226 3.89519 4.16961 4.3536 4.01578 3.90822 4.16252 4.51335 4.14833 4.29644 4.09387 3.9225 3.97027 3.90333 3.8521 4.09982 3.92011 4.21579 3.84265 3.93306 4.14225 4.04213 3.91155 4.00691 3.96656 4.30121 3.86185 4.18707 3.60577 4.34866 3.94969 4.0643 4.05912 4.24461 4.04815 3.66855 3.96283 4.15683 4.12805 4.13825 4.20008 3.9185 3.97886 3.98128 3.70223 4.09417 3.48485 3.96817 4.36744 4.0313 4.03696 3.98093 3.73357 3.90306 3.85575 4.0927 3.67764 4.38784 4.38538 4.14966 3.98652 3.78023 4.0988 
4.12375 4.4049 3.85595 3.81531 4.07419 3.90205 3.88794 3.81961 3.94037 4.35483 3.89432 4.42632 3.90687 3.92679 4.1035 4.01039 0 4.15009 4.28191 3.91257 4.36687 4.19778 4.28419 4.12976 4.26905 4.06052 4.03998 3.97959 4.03692 4.00453 4.16917 4.03148 4.15125 4.13289 4.2505 4.20531 4.05234 3.84049 3.95371 4.53163 3.94906 4.22623 3.80901 4.33058 4.06997 3.98175 4.31612 3.75627 3.70186 4.12853 3.95716 4.10175 3.75616 3.98786 3.70668 3.99464 4.24592 3.92157 3.81449 4.3515 4.1275 4.28258 4.18372 3.99974 3.74507 3.90898 4.15349 4.07535 3.80726 4.05768 3.97654 3.88385 4.18548 4.22784 3.95321 3.8342 4.36684 4.2071 3.97403 4.1653 4.00189 3.90246 3.85504 4.11396 4.19256 4.14946 4.26496 4.17311 3.86493 4.06497 4.1091 3.89313 4.16188 3.80807 4.22906 3.86918 3.92389 4.24952 3.6928 3.99463 
3.95567 4.29474 4.51837 4.41767 4.00657 4.5527 3.98655 4.40322 4.14896 3.49103 3.86445 4.40202 4.19025 4.26834 3.90107 3.92616 4.15009 0 4.40832 3.93691 4.42738 4.27876 3.90908 4.18614 4.20809 4.38244 4.07646 4.04499 4.47824 4.11402 4.16599 4.4577 4.36693 4.14361 4.21594 4.15597 4.0737 4.18922 4.31622 4.25568 4.41758 4.32718 4.072 4.48212 4.19811 3.67817 4.39995 4.11328 3.9534 4.08273 4.33647 4.30757 4.25397 4.02806 4.2557 4.19982 4.2038 4.31635 4.07145 3.9256 4.07912 4.06224 4.12259 4.12056 3.96359 4.16927 3.88987 4.36375 4.43599 4.10643 3.71486 4.07381 4.52757 4.14845 4.00149 4.19588 4.27904 4.40618 4.21695 4.02646 4.07497 3.82094 4.16451 4.36893 4.3143 4.45426 4.25733 4.10184 3.8094 4.00137 4.02403 4.30053 3.96774 3.9421 3.965 4.14136 4.40048 4.15444 3.97477 4.44816 
4.38414 4.75875 4.34184 4.7689 4.50467 4.31469 4.46908 4.31656 4.51626 4.06039 4.49162 4.47949 4.19788 4.43805 4.30967 4.377 4.28191 4.40832 0 4.27747 4.31996 4.68765 4.93145 4.46806 4.15966 4.40335 3.90311 4.06742 4.81087 4.3654 4.71003 4.45819 4.99451 4.32713 4.51543 4.85031 4.41606 4.56975 4.59726 4.08121 4.37218 4.54175 4.15576 4.56625 4.64055 4.3805 4.19721 4.73496 4.02207 4.46977 4.45794 4.6341 4.13989 3.9317 4.22795 4.21625 4.1843 4.33003 4.25269 4.75066 4.45406 4.26806 4.38067 4.67416 4.54059 4.49715 4.50773 4.30388 4.79412 4.38094 4.33941 4.40991 4.45359 4.04006 4.58001 4.03705 4.34237 4.67127 4.70555 4.15823 4.48906 3.91898 4.6265 4.36762 4.26971 4.37411 4.24341 4.13498 4.25657 4.46765 4.22121 4.0736 3.99979 4.35709 4.40334 4.2587 4.81948 4.48859 3.95975 4.23849 
3.95206 4.16073 4.11232 4.20202 3.77985 4.14097 3.76958 3.89924 4.08769 4.07813 3.93492 3.97237 4.14589 3.84183 4.06059 4.08684 3.91257 3.93691 4.27747 0 4.00868 4.18735 3.62991 4.13533 4.48455 4.02015 4.01176 4.05766 4.1927 4.02501 3.91918 4.09769 3.67113 4.0976 4.01588 4.41705 4.02848 4.15375 3.88924 4.09256 4.21563 4.25523 4.1309 4.37906 3.7026 3.55122 4.32566 4.59756 3.88987 4.29576 4.43637 3.8347 4.05325 3.962 3.64513 4.22098 4.01871 4.03394 3.85566 4.08195 4.44912 4.28818 4.07454 3.95778 4.17539 3.84385 4.15608 3.65609 3.93927 3.90303 4.09381 4.06916 4.42708 3.73002 4.31178 3.96387 3.84853 4.17349 3.94526 4.11144 3.91391 3.85251 4.31765 3.80987 4.02566 4.02663 3.97791 3.92613 3.98355 3.74514 3.96863 3.82885 4.02916 4.07821 4.16931 4.1134 3.96602 3.82241 3.82429 3.82956 
3.98438 4.0915 4.27978 3.77915 4.02646 3.93107 4.2714 4.58224 4.55035 4.40266 4.02209 4.33142 4.12623 4.05827 3.86113 3.95522 4.36687 4.42738 4.31996 4.00868 0 4.42972 3.85969 3.48541 4.3062 4.07316 4.44849 3.77265 4.60462 4.08375 4.24657 3.96369 3.92345 4.46044 3.85808 4.0825 4.14758 4.15493 3.98546 4.24173 4.3905 4.14143 3.97676 4.18836 4.3014 3.99883 4.03534 4.28423 4.1344 4.43489 4.40208 4.12023 4.03087 4.17426 3.87087 3.92527 4.21345 3.86615 3.78511 4.38184 4.55324 4.04143 4.12784 4.35745 3.88867 4.05026 4.27881 3.98601 4.07381 4.10553 3.9532 4.35448 4.03373 3.73177 4.0585 4.24511 4.369 4.13166 4.03804 4.12507 3.89237 4.0402 4.13174 3.86096 3.67645 4.06697 3.58595 4.03515 3.86202 4.0348 4.2372 4.12365 4.06681 3.98946 4.39817 4.28312 4.09041 3.91452 4.0161 3.80495 
3.85282 3.95977 4.05573 4.48126 3.97448 4.32734 4.02865 4.33745 4.30561 4.47786 3.79334 4.24073 4.55777 4.0128 4.04389 4.10593 4.19778 4.27876 4.68765 4.18735 4.42972 0 4.4606 4.11493 4.34974 4.20773 4.14444 4.23086 4.02551 3.98546 3.85734 4.2569 3.98269 4.43007 4.33519 4.47482 3.99124 4.02465 4.22223 4.33901 4.14924 4.29241 4.13724 4.08022 3.93902 4.26038 4.30197 4.3406 4.11569 4.39383 3.73662 4.27659 4.11938 3.94313 4.26688 4.00729 4.04595 3.76889 4.29767 3.78461 3.87802 3.80097 4.43448 3.83151 4.39978 3.6841 4.30052 3.93367 4.04831 3.6229 4.22008 3.88024 4.27442 4.38659 4.07112 3.94736 4.02549 3.86365 4.16209 4.25754 4.24494 3.90868 4.14102 4.61787 4.28774 4.15414 4.33966 3.6607 3.96745 4.45879 4.24694 3.82156 4.45225 3.85491 4.15211 4.4356 4.1565 3.91093 4.12557 4.09669 
3.75897 4.23905 4.04349 3.51067 3.76859 4.23268 3.70296 3.78479 4.16914 4.07302 3.869 3.70835 4.36916 3.81757 4.0639 3.94355 4.28419 3.90908 4.93145 3.62991 3.85969 4.4606 0 3.49423 4.03852 4.35885 4.27291 4.06665 4.05705 4.17233 4.04018 3.89642 3.45566 3.7844 3.93278 4.09702 4.23446 4.49502 3.50982 4.33181 4.15327 4.21797 4.06595 4.28152 3.73044 3.73413 3.96466 4.51929 4.30149 4.04626 4.23233 4.09572 4.21658 4.1049 4.07806 3.98611 4.16328 4.17715 3.86766 3.8445 4.01596 3.7737 3.74353 3.41263 3.98461 3.71108 3.92988 4.04497 4.14125 4.23365 4.01277 4.14725 4.67458 4.37648 4.02494 4.09261 4.18074 4.19234 3.69732 4.12851 3.92902 4.00018 4.31043 3.47148 3.96226 4.34277 4.33623 3.70366 4.07274 4.00385 4.16414 4.13778 3.60883 3.99867 4.02349 4.01436 3.61585 3.79425 4.06767 4.14973 
3.8755 4.11754 4.32167 4.10139 4.3159 3.83744 3.82555 4.19826 4.39591 4.14968 4.05152 4.05702 4.15242 3.97304 4.16092 3.67968 4.12976 4.18614 4.46806 4.13533 3.48541 4.11493 3.49423 0 4.19532 4.32942 4.2553 4.23993 4.35432 4.37953 4.17811 3.97891 4.11365 3.88921 3.97999 4.0003 4.4628 4.0451 3.79435 4.28451 4.23985 4.18418 3.892 4.391 3.99818 3.97877 4.14204 4.08338 4.26262 4.18132 4.07484 3.86068 4.44096 4.1022 4.43982 3.78082 3.98246 4.16358 4.10874 4.22328 3.82392 3.85508 3.9783 4.05625 3.88024 3.89653 4.21441 3.82485 4.38226 4.09361 4.24661 4.02875 4.07392 4.08977 4.2305 4.2827 4.25032 4.36971 3.72058 3.8901 4.2106 4.02974 3.83309 3.78713 3.83413 4.42367 4.23099 4.11138 3.62731 4.22487 4.08784 4.07133 4.07277 3.95535 3.89037 4.27426 3.95223 4.05213 4.1528 4.06466 
3.96351 4.24953 3.90982 4.52073 3.90705 4.542 4.11793 4.46208 3.83504 3.97157 4.14872 3.81823 4.24252 3.86109 3.90436 4.13936 4.26905 4.20809 4.15966 4.48455 4.3062 4.34974 4.03852 4.19532 0 4.04287 4.06171 4.22743 4.29476 4.41244 3.83889 4.43544 3.99888 4.20119 4.41678 4.58424 4.24807 4.61153 3.90448 4.32711 4.39178 4.15995 4.09705 4.18621 3.89756 4.41153 4.16604 4.48386 4.21824 4.25099 4.16964 4.44728 4.06636 4.11346 4.26369 4.19214 4.15854 4.37998 3.87243 4.51428 4.03754 4.18268 4.12572 4.08224 4.23828 4.3813 4.02122 4.26507 4.35389 4.4659 3.88927 4.14527 3.95309 4.24488 4.49725 4.4611 4.14825 4.32496 3.97257 4.07638 4.26518 4.10755 4.1864 4.2338 4.01686 4.55989 3.98732 4.41395 4.42299 4.25555 4.20652 4.05074 3.86291 4.24476 4.28027 4.35453 4.22665 4.21814 3.89714 4.43015 
3.7602 4.0897 3.59868 4.11163 4.04232 4.6057 4.10498 4.4656 4.21801 4.04074 4.16629 4.39075 3.8384 3.96708 4.20415 4.27876 4.06052 4.38244 4.40335 4.02015 4.07316 4.20773 4.35885 4.32942 4.04287 0 3.9676 4.14076 3.97854 3.99702 3.97327 4.23058 4.18669 4.54547 3.93328 4.2765 4.12434 4.01749 4.16497 4.47153 4.37949 4.47386 4.15792 4.06782 4.2292 4.26397 3.94239 4.0047 3.84984 4.11388 4.16528 4.22045 4.0653 3.90705 3.74179 4.10168 3.92339 4.51732 4.11991 4.20739 4.29506 4.22575 4.03475 4.38701 3.8021 4.04865 4.25166 4.11281 3.73065 4.3398 4.42897 4.10704 4.32882 4.10726 4.2517 4.08105 4.13042 4.28624 4.04624 4.49708 3.93613 4.05872 4.00796 4.19184 3.90002 4.13435 4.1055 4.36737 4.11652 4.19787 4.25353 4.22373 3.90889 4.13299 4.61562 4.31212 4.16607 3.87844 3.90732 3.95529 
3.98807 4.10576 3.46883 4.06492 4.06339 4.25714 4.01047 3.99591 4.25671 3.49011 3.99788 4.2565 4.09934 4.04375 3.47312 4.25689 4.03998 4.07646 3.90311 4.01176 4.44849 4.14444 4.27291 4.2553 4.06171 3.9676 0 4.27926 3.86162 3.75692 3.98013 3.97373 4.11952 3.80906 4.29615 4.48518 4.06794 4.04559 4.42627 3.99641 4.11136 4.16517 4.04292 4.0178 3.84343 4.1993 4.35379 4.27926 3.95216 3.95033 3.94654 3.9824 3.98421 4.05332 4.13565 4.00517 4.02152 4.02005 3.87918 4.31277 3.89714 3.8057 4.02143 3.73075 4.10611 3.88953 3.79023 4.18357 4.33577 3.79803 3.82697 3.80508 4.18927 4.29218 4.503 3.91651 4.22264 4.49438 3.91766 4.21562 4.31535 4.25859 3.91076 4.34132 3.87741 3.9009 4.2386 4.08705 4.06281 4.24696 3.8607 3.87725 3.83814 4.15618 4.24167 3.82525 4.57883 3.96358 3.92637 4.41976 
4.14721 4.3657 4.03932 3.88997 3.9043 4.11358 4.12735 4.3081 4.16741 3.7279 4.09199 4.44396 4.19612 4.00724 4.02306 4.02098 3.97959 4.04499 4.06742 4.05766 3.77265 4.23086 4.06665 4.23993 4.22743 4.14076 4.27926 0 4.29234 4.13432 3.8665 4.15817 4.00042 4.32839 3.70692 4.13606 4.38343 3.72756 4.12733 4.33834 4.00209 4.3753 3.80927 3.75018 4.4022 4.02604 3.83931 4.00194 4.03195 4.21813 4.40615 4.16509 4.15021 4.24192 3.49088 3.7888 3.95162 3.89731 4.02918 4.19719 4.14121 4.15031 4.39018 3.6407 4.23493 4.17954 4.19174 4.0965 3.93051 3.88108 4.02609 4.40273 4.42163 3.84676 3.73499 4.15206 3.97204 4.32979 3.99628 4.18067 3.91599 3.94186 4.16499 3.76171 4.07462 4.03072 3.86865 4.00408 3.52324 4.13434 4.05708 3.83582 4.28007 3.76142 3.94432 3.99498 3.79963 4.24062 3.91239 4.21823 
3.80711 3.82529 3.89442 4.26144 3.96543 4.41251 3.64227 4.21421 4.2495 3.91344 4.02052 3.99468 4.41989 3.56079 4.01763 3.91559 4.03692 4.47824 4.81087 4.1927 4.60462 4.02551 4.05705 4.35432 4.29476 3.97854 3.86162 4.29234 0 4.17593 4.20706 4.1132 4.15765 4.29919 4.54025 4.53755 4.44548 4.52967 4.23168 4.46468 4.61088 3.84412 4.31236 4.12462 4.04202 4.69027 4.66727 3.89305 4.34072 4.10847 3.91757 3.83822 4.41239 4.02441 4.0216 4.44588 3.74781 4.04354 4.05335 4.10033 3.88917 4.0145 3.69269 3.78915 4.32646 3.68711 4.38358 3.89125 4.03023 3.95513 4.19266 4.23875 4.4743 4.54959 4.24044 4.06116 4.52951 4.39508 4.35413 4.59781 4.32697 4.25744 4.14223 4.29377 3.9595 4.34324 4.44051 4.45915 4.08648 3.74872 4.11626 3.98848 4.50996 4.15492 4.54648 3.98582 4.33327 4.56327 4.11419 4.56028 
4.05426 3.86278 3.87323 3.99494 4.04552 4.30945 4.06613 4.21054 4.52521 4.10569 3.75602 4.08116 4.32588 4.00048 4.08156 4.13322 4.00453 4.11402 4.3654 4.02501 4.08375 3.98546 4.17233 4.37953 4.41244 3.99702 3.75692 4.13432 4.17593 0 4.01033 3.27697 3.99966 4.18894 4.04998 4.22377 3.54351 3.87129 4.47832 4.10426 4.09841 4.57964 4.11556 3.97707 4.44977 3.73893 4.22084 4.23896 3.83555 3.92795 3.8014 4.20151 3.75211 3.74772 3.73659 3.78594 3.94926 3.76535 4.10516 3.42439 4.03146 3.92251 4.04261 3.81099 4.05842 4.15127 4.21385 4.54835 4.20602 4.06596 4.3363 4.06219 4.18571 4.00089 4.06908 4.15679 4.11009 3.84137 4.51078 4.28143 3.90599 3.89903 3.60511 3.98522 4.00134 3.92224 4.1498 4.14219 3.64165 4.1154 3.73806 4.11388 3.87141 4.03571 4.09312 4.24911 4.69414 3.63464 4.32948 3.95133 
4.0782 3.68007 4.14222 4.36476 3.86585 4.23332 4.07907 4.23259 4.09883 3.89035 4.09218 3.92339 4.12846 3.59894 4.27764 4.48702 4.16917 4.16599 4.71003 3.91918 4.24657 3.85734 4.04018 4.17811 3.83889 3.97327 3.98013 3.8665 4.20706 4.01033 0 4.171 3.84041 4.00216 3.74527 4.57402 4.27982 4.17319 4.12824 4.15093 4.47258 4.39139 4.19197 4.01299 4.31149 4.05247 4.39219 4.4793 4.24601 4.61475 4.35522 4.40768 4.39585 3.99283 3.98271 4.2581 3.92952 4.15831 4.13043 4.0062 4.26134 4.30142 3.77046 4.3252 4.20503 4.25456 3.96459 3.70123 4.18482 4.33129 3.9302 4.02241 4.4743 4.17659 4.08181 4.35249 4.16138 4.16761 4.03174 4.0473 4.06528 4.14206 4.05073 4.26861 4.15269 4.3099 4.15551 4.09604 3.89247 4.14806 4.16018 4.09694 4.13272 3.89925 4.22537 4.0811 3.89741 4.21553 3.86771 4.21556 
4.10551 3.95789 3.96708 4.10263 4.11199 4.20993 3.79866 4.32443 4.44704 3.97995 4.2121 3.84292 4.00189 3.71187 3.73261 3.88167 4.03148 4.4577 4.45819 4.09769 3.96369 4.2569 3.89642 3.97891 4.43544 4.23058 3.97373 4.15817 4.1132 3.27697 4.171 0 4.43787 4.06026 4.27117 4.2639 4.19173 4.49078 3.88758 4.0011 4.17671 4.60059 3.98172 3.86577 4.38944 4.43776 4.37642 4.25956 4.2824 4.02383 4.1762 3.92783 4.05514 3.92504 4.00332 4.00978 4.02887 3.64375 4.21748 3.7479 4.1212 3.78515 4.35711 4.01148 3.89066 4.06203 3.90718 4.12569 4.26888 3.78831 4.17341 3.81849 4.43686 3.8307 3.94766 3.7983 4.51171 4.11923 3.9111 4.45975 4.08475 3.85174 3.8313 3.83151 3.92441 3.72727 4.09045 3.91915 3.82354 4.09487 4.1753 4.20919 4.45622 3.93838 4.14103 4.17046 4.4675 4.16133 4.24673 4.15044 
4.16081 3.82064 3.8679 3.95292 4.18683 4.06882 4.04459 3.97712 4.29199 4.6829 3.74997 3.93479 4.40669 3.94401 4.18695 4.30918 4.15125 4.36693 4.99451 3.67113 3.92345 3.98269 3.45566 4.11365 3.99888 4.18669 4.11952 4.00042 4.15765 3.99966 3.84041 4.43787 0 4.33033 4.02837 4.22558 3.92114 4.17996 3.8292 4.34841 4.10297 4.09517 4.19317 4.33208 3.70413 3.79953 4.15081 4.25889 4.44013 4.40232 4.00406 4.24149 3.77717 4.24575 3.86705 3.82455 4.2188 4.23073 3.92733 4.28557 3.96327 4.0391 4.06823 3.70967 4.1333 4.27701 4.46003 3.95186 4.03324 3.84097 4.03674 4.08116 4.20219 4.05905 4.1861 4.2193 4.1475 4.30919 4.03147 4.39058 3.94085 4.28042 4.15284 4.06009 3.91844 4.31437 4.30253 4.35196 4.33884 4.11802 4.2257 4.3425 4.18414 4.0312 4.59726 4.27559 4.03498 3.94546 4.00904 4.22802 
4.15455 4.6393 3.92085 4.24156 3.9739 4.31408 3.84392 4.10207 4.2763 3.96945 3.95809 4.11218 3.9739 4.07435 4.24103 4.19106 4.13289 4.14361 4.32713 4.0976 4.46044 4.43007 3.7844 3.88921 4.20119 4.54547 3.80906 4.32839 4.29919 4.18894 4.00216 4.06026 4.33033 0 4.11975 4.4111 4.22494 4.30771 3.9758 4.29401 4.13577 3.98417 3.92839 4.14214 3.89323 4.2461 4.53936 4.42352 4.2932 4.14079 4.30467 4.1554 3.98933 4.45575 4.40533 3.98713 4.2904 3.83812 4.01897 4.34269 3.84588 4.05022 3.62968 4.21152 4.35356 3.78433 4.0598 4.31577 4.34805 4.01495 3.81966 3.77966 4.41159 4.43209 4.31531 4.27914 4.29446 4.08912 3.83429 4.16591 4.12773 4.30308 4.09281 3.87295 4.11436 4.28073 4.17149 3.78341 4.21651 4.0374 4.10406 3.75395 3.64141 4.2085 3.62437 3.48577 4.31725 4.31954 4.05655 4.45057 
4.32223 3.99088 4.01 3.90411 4.54845 4.45323 4.33648 4.0333 4.17535 4.22316 4.13753 4.07222 4.26023 3.97429 3.96078 4.30431 4.2505 4.21594 4.51543 4.01588 3.85808 4.33519 3.93278 3.97999 4.41678 3.93328 4.29615 3.70692 4.54025 4.04998 3.74527 4.27117 4.02837 4.11975 0 4.38864 3.89391 4.20561 4.30145 4.22425 4.47652 4.307 3.90394 4.07342 4.22967 3.92991 4.14891 4.23787 4.09327 4.3729 4.39902 4.42584 4.20279 4.51408 3.68698 3.6257 3.80792 4.48135 3.70308 4.25221 4.35286 4.09957 4.10887 4.0433 3.95652 4.09227 4.3892 4.22609 4.38878 4.02753 4.12001 4.31704 4.25598 4.23711 4.10499 4.39716 3.76857 3.95021 4.14091 4.03564 4.14836 4.28839 4.27062 3.78711 3.95333 4.30501 4.17843 4.03881 4.13028 4.06597 4.29986 4.16598 4.14412 3.9188 4.33536 3.91644 4.22633 4.08068 3.85701 4.32271 
3.94798 4.1157 4.4099 4.6522 4.48248 4.19247 4.25349 4.35781 4.25591 4.38648 4.34124 4.268 4.36659 4.40148 4.13388 3.54903 4.20531 4.15597 4.85031 4.41705 4.0825 4.47482 4.09702 4.0003 4.58424 4.2765 4.48518 4.13606 4.53755 4.22377 4.57402 4.2639 4.22558 4.4111 4.38864 0 4.15139 4.3154 4.29975 4.59492 4.35073 4.57356 4.2991 4.39042 4.59975 4.20252 4.06103 4.29099 4.2184 4.0789 4.2534 4.21661 4.12781 4.22784 4.31642 4.12032 4.68009 4.25372 4.38294 4.18285 4.21618 4.36594 4.80873 4.00966 4.14221 4.26661 4.35173 4.3726 4.56958 4.41912 4.54554 4.47849 4.27139 4.08866 4.2818 4.36663 4.28724 4.82488 4.14175 4.28408 3.92855 4.16432 4.48179 3.96488 4.08393 4.58332 3.98731 4.26033 4.18602 4.31506 4.20572 4.21214 4.23423 3.6269 4.66628 4.24685 4.4449 4.17472 3.9532 4.31692 
3.97765 4.37895 3.97066 4.03423 4.14446 4.08385 4.08954 4.01377 3.77472 4.32439 3.62844 4.2842 4.59997 3.97947 4.08395 4.23424 4.05234 4.0737 4.41606 4.02848 4.14758 3.99124 4.23446 4.4628 4.24807 4.12434 4.06794 4.38343 4.44548 3.54351 4.27982 4.19173 3.92114 4.22494 3.89391 4.15139 0 4.23837 4.31258 3.81587 3.83826 4.57038 3.84765 3.74959 3.9361 4.03307 4.32796 4.40734 3.85193 4.0115 4.16659 3.94399 3.86591 4.27873 4.11773 3.86455 3.89929 4.2867 3.77286 4.30772 4.02196 3.8044 3.95423 3.81607 3.82405 3.99979 4.34745 4.41033 4.17112 3.84282 4.21612 4.09297 3.99049 4.01851 4.207 4.05888 3.903 4.19247 4.20463 4.12049 3.92763 4.32372 4.09213 4.14919 3.67403 3.98883 4.16874 4.40724 4.2417 4.07283 4.55339 4.08078 3.71369 3.73703 4.36364 4.00032 4.27975 3.84267 3.88095 4.19269 
4.20492 4.10625 4.22696 4.03546 4.18568 4.09585 3.99284 4.32149 4.40128 4.2865 4.33679 4.46035 4.13922 3.97733 4.42361 4.03226 3.84049 4.18922 4.56975 4.15375 4.15493 4.02465 4.49502 4.0451 4.61153 4.01749 4.04559 3.72756 4.52967 3.87129 4.17319 4.49078 4.17996 4.30771 4.20561 4.3154 4.23837 0 4.52262 4.38935 4.28999 4.56518 4.24178 4.07678 4.52956 3.71677 4.29396 4.33751 3.92181 4.06432 4.21834 4.11343 4.03679 4.11023 3.96466 4.08814 4.41552 4.11643 4.36253 4.07805 4.16117 4.25007 4.14997 4.11117 4.40377 3.93617 4.33593 4.34992 3.90015 4.20575 3.99423 4.23091 4.03897 4.16054 4.04612 4.37358 4.35927 4.27162 4.10722 4.1541 3.95367 4.18168 3.95932 4.27057 4.52221 4.06987 4.21479 4.27533 3.99854 4.15114 3.92672 3.85579 4.17813 4.02293 4.39501 4.23543 4.37528 3.91743 4.01146 4.09627 
4.06116 4.17223 3.88024 4.1212 4.03343 4.17658 3.96022 3.85531 4.19648 4.29632 3.95435 3.99071 4.05287 3.98465 4.08145 3.89519 3.95371 4.31622 4.59726 3.88924 3.98546 4.22223 3.50982 3.79435 3.90448 4.16497 4.42627 4.12733 4.23168 4.47832 4.12824 3.88758 3.8292 3.9758 4.30145 4.29975 4.31258 4.52262 0 4.38468 4.07347 3.93883 3.9917 4.28302 4.10106 4.0508 4.03304 4.15868 4.4578 4.23639 4.02854 3.85647 3.92656 4.35022 3.95846 4.211 4.01431 4.10977 3.9262 4.3077 4.0088 3.90421 4.35774 4.25379 3.57214 3.78745 3.83186 3.73487 4.20918 3.90805 3.90378 4.01925 4.39864 4.23226 4.52804 4.07978 4.00946 4.36958 3.71063 3.86564 3.91063 3.90293 4.29551 3.86707 4.09556 3.96786 4.65577 3.98708 3.93578 4.21759 4.51795 4.25352 4.15535 3.94107 4.18125 4.01655 3.57308 4.10253 3.78273 4.22994 
4.06686 3.93024 4.05598 4.5657 4.25435 4.17372 3.84924 4.00191 4.28744 4.09939 3.78966 3.89497 4.4378 3.96763 3.88049 4.16961 4.53163 4.25568 4.08121 4.09256 4.24173 4.33901 4.33181 4.28451 4.32711 4.47153 3.99641 4.33834 4.46468 4.10426 4.15093 4.0011 4.34841 4.29401 4.22425 4.59492 3.81587 4.38935 4.38468 0 4.26104 4.53411 3.71098 4.37633 4.21263 3.94558 4.57248 4.79807 4.18015 4.38488 4.28936 4.35544 4.29773 4.17939 4.38641 4.3086 4.21329 4.14298 4.31482 4.40438 4.05725 4.1673 4.13653 4.05282 4.58006 4.37256 4.20176 4.23896 4.47053 4.04722 4.37034 4.36899 3.95828 3.98685 4.34591 4.05539 4.03522 4.10603 4.17199 4.24655 4.25315 4.27334 4.41545 4.51015 3.94194 4.14988 4.25036 4.15122 4.17802 4.27632 4.36941 4.49448 4.2384 3.88912 4.01553 4.4031 4.58206 4.57016 4.04567 4.04572 
4.32326 4.57312 3.83402 4.10953 4.17911 4.07138 4.2479 4.24513 4.33268 4.17329 4.22109 4.17148 4.40848 4.16953 4.26581 4.3536 3.94906 4.41758 4.37218 4.21563 4.3905 4.14924 4.15327 4.23985 4.39178 4.37949 4.11136 4.00209 4.61088 4.09841 4.47258 4.17671 4.10297 4.13577 4.47652 4.35073 3.83826 4.28999 4.07347 4.26104 0 4.65176 4.22381 4.31053 4.31433 3.97645 4.23466 4.11742 4.05293 3.87024 4.06398 4.18304 3.75759 4.31501 3.99968 4.39225 4.31368 3.98242 4.1909 4.37929 3.98061 3.81562 4.38925 3.88816 4.19373 3.90003 4.13591 4.11734 4.35613 4.05377 4.21475 4.31107 4.29246 4.19832 4.38558 4.17783 4.39353 4.55383 4.06405 4.2078 3.96388 4.4072 4.52778 4.2583 4.38813 4.01886 4.15191 4.07407 3.83866 4.35032 4.1981 4.46405 4.2809 3.72218 3.83093 3.9257 4.06971 4.2696 4.06769 4.20493 
4.10054 4.00328 3.99594 4.51351 4.1103 4.29886 3.93876 4.37078 3.83303 4.29874 4.12617 3.86793 4.0419 3.92592 3.80378 4.01578 4.22623 4.32718 4.54175 4.25523 4.14143 4.29241 4.21797 4.18418 4.15995 4.47386 4.16517 4.3753 3.84412 4.57964 4.39139 4.60059 4.09517 3.98417 4.307 4.57356 4.57038 4.56518 3.93883 4.53411 4.65176 0 3.94695 4.41934 4.02857 4.41246 4.33887 4.03426 4.48441 4.27113 3.9017 4.1987 3.92541 4.2161 4.45517 4.19711 3.80084 4.28161 3.96534 4.70731 3.91633 4.09388 4.05667 4.2521 4.22044 4.06347 3.89202 4.12039 3.99652 3.8373 4.13955 3.87145 4.56331 4.36478 4.50197 4.16853 4.2134 4.57309 4.17265 4.04336 3.94264 4.29097 4.26598 4.20273 4.73917 4.6079 4.43166 4.03621 4.6108 3.87264 4.52518 3.94202 4.30703 4.35757 4.82024 3.7297 4.42631 4.15844 4.19496 4.31361 
3.83688 3.93461 4.13187 3.88409 3.93825 4.15135 3.78306 4.19124 3.89322 3.96675 3.62832 4.27716 3.81931 3.92244 3.79793 3.90822 3.80901 4.072 4.15576 4.1309 3.97676 4.13724 4.06595 3.892 4.09705 4.15792 4.04292 3.80927 4.31236 4.11556 4.19197 3.98172 4.19317 3.92839 3.90394 4.2991 3.84765 4.24178 3.9917 3.71098 4.22381 3.94695 0 4.08971 4.33347 3.91435 4.1887 4.00463 4.31176 3.93053 3.91727 3.97781 4.01577 4.02627 3.94633 4.01225 4.0627 3.58847 3.62461 3.95744 4.00139 3.80137 4.05038 3.90142 4.06445 4.07235 3.99157 3.82098 4.13609 3.78691 3.92357 3.88026 4.3296 3.76415 3.59797 4.09786 3.75458 4.22947 3.3434 3.76803 4.22172 3.83214 3.75432 3.80905 3.9765 3.93164 3.91746 4.09692 3.98636 4.23209 3.92035 4.05846 3.68822 3.78191 3.75084 3.77612 3.92256 4.2354 4.06424 3.85405 
3.91775 3.90544 4.10531 4.20319 3.70898 4.36704 3.9947 4.38215 4.14535 4.38817 4.02061 4.35186 4.41409 3.89478 3.79777 4.16252 4.33058 4.48212 4.56625 4.37906 4.18836 4.08022 4.28152 4.391 4.18621 4.06782 4.0178 3.75018 4.12462 3.97707 4.01299 3.86577 4.33208 4.14214 4.07342 4.39042 3.74959 4.07678 4.28302 4.37633 4.31053 4.41934 4.08971 0 4.15273 4.57499 3.91694 4.06184 4.18396 3.88754 4.00583 4.11965 4.23119 3.83358 4.34089 3.86994 4.19564 4.1481 4.36345 4.20449 4.21263 3.67201 4.00046 3.81796 4.01488 3.90618 4.17556 4.29916 4.02229 3.73219 4.28468 4.17917 4.35229 3.94398 3.54129 4.32389 3.81988 4.1647 4.01701 4.31648 4.02872 4.09936 4.08677 3.78242 4.29534 4.05054 4.48843 4.00333 4.33375 4.52563 4.32847 3.83822 4.24605 4.01134 4.01214 4.20745 3.87247 4.1798 4.07546 3.9844 
3.9669 4.2699 3.72528 4.47515 4.06276 3.9768 3.67672 4.00132 4.33308 4.06627 4.16334 3.99406 4.37298 3.7923 3.95913 4.51335 4.06997 4.19811 4.64055 3.7026 4.3014 3.93902 3.73044 3.99818 3.89756 4.2292 3.84343 4.4022 4.04202 4.44977 4.31149 4.38944 3.70413 3.89323 4.22967 4.59975 3.9361 4.52956 4.10106 4.21263 4.31433 4.02857 4.33347 4.15273 0 3.90312 4.32422 4.59706 4.06522 4.12531 4.06994 4.12915 3.92398 4.1475 4.15434 4.33429 3.77138 4.21521 4.01818 4.53807 4.19674 3.97033 3.9984 3.69535 4.16993 3.91775 4.10948 4.20164 4.13744 3.87489 4.2932 3.90161 4.45308 4.36547 3.84156 3.94187 3.91444 4.45523 3.99494 4.1879 4.47961 4.36044 4.20176 4.23318 4.05895 4.23492 4.33198 4.21876 4.3425 4.08241 4.23157 4.00469 4.35853 4.0268 4.22312 4.11463 3.97406 3.83685 4.09775 4.17107 
3.74641 3.81144 4.18918 4.22649 3.70982 4.15769 4.18791 3.81061 4.25484 4.10759 3.75408 4.00547 4.02613 4.21929 4.29759 4.14833 3.98175 3.67817 4.3805 3.55122 3.99883 4.26038 3.73413 3.97877 4.41153 4.26397 4.1993 4.02604 4.69027 3.73893 4.05247 4.43776 3.79953 4.2461 3.92991 4.20252 4.03307 3.71677 4.0508 3.94558 3.97645 4.41246 3.91435 4.57499 3.90312 0 3.85065 4.44906 4.04249 3.93055 3.94587 4.07124 4.16568 3.91176 3.64762 4.24738 4.22768 3.86022 3.97199 3.94462 4.0257 3.95109 4.17585 3.95971 4.31108 4.22103 3.95001 4.14794 3.83435 4.03348 4.14255 4.30227 4.11664 4.09972 3.84163 4.26407 3.89981 4.18293 3.97378 4.13979 4.07052 4.09565 4.08312 3.82187 4.31165 4.13191 3.89809 4.1146 3.84171 3.82577 3.70351 4.28005 3.92118 3.95547 4.27811 4.23026 3.82854 3.81328 4.10164 3.65095 
3.73071 4.3595 3.97603 4.45671 3.89734 4.45623 3.96884 4.3541 4.11254 4.39053 3.7962 4.19044 4.02052 4.07594 3.92773 4.29644 4.31612 4.39995 4.19721 4.32566 4.03534 4.30197 3.96466 4.14204 4.16604 3.94239 4.35379 3.83931 4.66727 4.22084 4.39219 4.37642 4.15081 4.53936 4.14891 4.06103 4.32796 4.29396 4.03304 4.57248 4.23466 4.33887 4.1887 3.91694 4.32422 3.85065 0 4.41235 4.12482 3.72748 3.9511 4.35805 4.40399 4.06903 4.02685 3.93458 4.14976 4.10147 3.95767 4.19772 4.25564 3.98619 4.36797 3.93049 4.16048 4.42676 3.94226 4.40621 4.17787 4.37783 4.40214 4.36385 4.43206 4.06795 3.56204 4.13736 4.21809 4.33869 4.06004 4.2957 3.76822 4.17457 4.38564 3.981 4.39903 4.19277 4.26396 3.85363 4.37272 4.49052 4.26882 4.05199 4.06668 3.79749 4.63631 4.1943 4.21659 4.15688 4.0083 3.98596 
4.26343 4.23182 3.98111 4.41247 4.16744 4.24593 4.39106 4.84914 4.12324 4.27029 3.98006 4.32819 4.2697 3.82082 3.89319 4.09387 3.75627 4.11328 4.73496 4.59756 4.28423 4.3406 4.51929 4.08338 4.48386 4.0047 4.27926 4.00194 3.89305 4.23896 4.4793 4.25956 4.25889 4.42352 4.23787 4.29099 4.40734 4.33751 4.15868 4.79807 4.11742 4.03426 4.00463 4.06184 4.59706 4.44906 4.41235 0 4.3177 3.80473 3.85279 3.92653 3.97696 4.28981 3.99922 4.19529 4.19158 4.19049 4.56199 4.49049 4.12897 4.19255 4.22856 3.93695 3.85117 3.98649 4.23531 4.2773 3.95831 3.53098 4.17563 4.06747 3.98287 4.06934 4.30857 4.05491 4.25088 4.51765 4.14585 4.35197 3.95993 3.88653 3.67496 4.30415 4.2779 4.31934 4.60562 4.43907 3.94605 4.18064 4.41894 3.95398 4.37828 4.10325 4.19524 4.27187 4.34743 4.37614 3.92393 4.29877 
4.04911 4.44583 4.1393 4.36977 4.13208 4.27488 4.08981 4.12492 4.32784 4.12335 3.97232 4.06669 4.10893 4.06817 4.02948 3.9225 3.70186 3.9534 4.02207 3.88987 4.1344 4.11569 4.30149 4.26262 4.21824 3.84984 3.95216 4.03195 4.34072 3.83555 4.24601 4.2824 4.44013 4.2932 4.09327 4.2184 3.85193 3.92181 4.4578 4.18015 4.05293 4.48441 4.31176 4.18396 4.06522 4.04249 4.12482 4.3177 0 4.21227 3.98008 3.92675 4.02077 4.13764 3.95801 4.39868 3.61696 4.29325 3.97009 4.13372 4.32671 3.92766 4.37462 4.06818 4.08351 3.96865 4.35737 4.41922 3.97243 3.91069 3.76359 4.43693 4.01911 4.35052 4.33626 3.94043 3.74233 4.3624 4.27318 4.12871 4.09776 3.92785 4.24058 4.22459 4.28992 3.88222 3.75051 3.76615 3.82105 4.05507 4.08922 4.06126 4.10666 3.77949 3.93839 4.38423 4.27998 3.86308 3.58965 3.75103 
3.94324 4.43982 3.98755 4.02879 3.77408 3.93517 3.6743 4.06125 4.01252 3.90043 3.62713 3.87775 4.07871 3.59378 3.71078 3.97027 4.12853 4.08273 4.46977 4.29576 4.43489 4.39383 4.04626 4.18132 4.25099 4.11388 3.95033 4.21813 4.10847 3.92795 4.61475 4.02383 4.40232 4.14079 4.3729 4.0789 4.0115 4.06432 4.23639 4.38488 3.87024 4.27113 3.93053 3.88754 4.12531 3.93055 3.72748 3.80473 4.21227 0 3.75159 4.05699 3.91563 4.11233 4.4031 3.96028 4.23072 4.13254 3.85258 4.14818 4.31773 4.09896 3.95114 3.79046 4.38812 4.08868 4.09507 4.48394 3.99907 4.00288 4.4627 3.97358 4.20833 4.14832 3.59799 4.26506 3.95385 4.31487 3.86699 4.31227 4.0059 4.31682 3.89424 4.17945 4.20126 3.86616 4.34607 4.58293 4.23122 4.14915 3.85892 4.29941 3.72716 3.85036 4.26238 3.92793 4.22586 4.24488 4.07853 3.98011 
