0 1.56215 1.45578 1.37972 1.51831 1.3336 1.51147 1.01223 1.42657 1.87884 1.80028 1.47885 1.42601 1.88203 2.06008 1.50586 1.41484 1.11645 1.06292 1.76191 1.53792 1.44656 1.35469 1.22312 1.74125 1.4805 1.23264 1.43713 1.50512 1.70509 1.15847 1.38196 1.77803 1.71091 1.13883 1.4007 1.92394 1.35811 1.53053 1.59962 1.44808 1.04383 1.36715 0.957869 1.21285 0.872365 1.3254 1.14888 1.78269 1.49523 1.47802 1.88561 1.51259 1.56067 1.19545 1.31671 1.53527 1.41437 1.96144 1.67652 1.57261 1.22466 1.72667 1.15191 1.6953 1.75843 1.50404 1.84009 1.56441 1.43503 1.49904 1.68925 1.56698 1.04717 1.80998 1.1588 1.32193 1.12143 1.62837 1.21722 1.26108 1.92509 1.93322 1.50682 1.07373 1.67779 1.39103 1.28322 1.78982 1.42589 1.14364 0.704515 1.14596 1.38186 1.3598 1.87318 1.31622 1.29515 1.6526 1.01755 
1.56215 0 1.27828 1.25678 1.50121 1.66903 1.30524 1.29915 1.25699 1.05268 1.35792 1.39295 1.66582 1.52353 1.62361 1.81783 1.67166 1.70598 1.31245 1.38928 1.58616 1.22215 1.60015 1.34468 1.68367 1.15616 0.802324 1.42255 1.32939 1.44117 0.80836 1.26573 1.11074 1.79127 1.7384 1.44851 0.862294 1.41121 1.13579 1.60139 1.54216 1.43187 1.75592 0.974029 1.27062 1.50129 1.26847 1.08977 1.64928 1.62647 1.57446 1.18305 1.36907 1.78629 1.59575 1.13397 1.23387 1.3731 1.48374 1.7249 1.35819 1.35343 1.42167 1.57816 1.55777 1.2886 1.97838 1.25117 0.972436 1.26811 1.1518 1.49727 1.74853 1.37841 1.33037 1.41099 1.70562 1.13871 0.964876 1.04545 0.990975 1.38656 1.45974 0.944171 1.53015 1.16542 1.61716 0.989822 1.60948 0.862341 1.46603 1.33961 1.19495 1.5147 1.37714 1.58478 0.848892 1.66467 1.24441 1.60689 
1.45578 1.27828 0 0.971168 1.62796 0.799438 1.51095 1.46231 1.08142 1.09048 1.38742 1.18063 1.49988 1.50747 1.61148 1.48678 1.39061 1.34692 1.38459 1.48409 1.43769 1.65123 1.37421 1.29511 1.49977 1.10475 0.981946 1.16855 1.78556 1.11754 0.787948 1.29546 1.15865 1.62725 1.35486 1.22047 1.36474 1.21664 1.30799 1.6299 1.12358 1.44215 1.5328 1.20108 1.1146 1.37648 0.717414 1.2966 1.46815 0.733701 0.877294 1.08185 1.34417 1.46106 1.37476 0.968081 0.981902 1.57147 1.33214 1.08928 1.28009 0.973494 1.25417 1.26826 1.63032 1.25121 1.43297 1.3182 0.957309 1.09718 0.964375 1.35268 1.20457 1.47861 1.21653 1.49991 1.48396 1.00802 1.4238 1.50764 0.801304 1.45015 1.18447 1.00089 1.40697 0.713473 1.25885 1.38347 1.19581 1.06756 1.5367 1.06637 1.31876 1.4935 1.21354 1.61236 0.995372 1.45018 1.00009 1.23413 
1.37972 1.25678 0.971168 0 1.66959 1.35656 1.33734 1.22737 1.06194 1.28132 1.14547 1.1042 1.08861 1.45841 1.71246 1.30565 1.52941 1.08869 1.28251 1.18042 1.56897 1.54168 0.810164 1.36156 1.26172 1.00732 1.24465 1.50428 1.56603 1.24102 0.78565 1.48513 1.11045 1.76613 1.30517 1.20403 1.40799 1.24645 1.18001 1.34045 1.00454 0.915061 1.57096 1.22829 1.2705 1.19186 1.03107 1.13377 1.44331 1.01282 1.13547 1.11447 1.58959 1.24851 1.65053 0.696753 1.08285 1.46084 1.40796 1.52258 1.03855 0.938766 1.23419 0.966008 1.7256 1.12026 1.28256 1.0027 0.708408 0.872564 0.693859 1.07146 1.4747 1.09975 0.962138 1.23566 1.19913 1.01878 1.28131 1.25984 1.00842 1.41026 1.21256 0.947393 1.21678 1.24877 1.26381 1.37657 1.17928 1.29458 1.24879 1.08842 0.852549 1.65159 0.973559 1.316 1.02068 1.12882 1.2873 0.916346 
1.51831 1.50121 1.62796 1.66959 0 1.3604 1.27044 1.15329 1.68852 1.22604 1.68704 1.38208 1.57289 1.14062 1.16453 1.42926 1.40135 1.44281 1.34136 1.22294 0.82532 1.26739 1.39024 1.11144 1.00308 1.54424 1.55555 0.826967 1.31535 1.4307 1.5069 0.983048 1.38146 0.724343 1.20561 1.42272 1.29289 1.14571 1.33646 1.23925 1.12248 1.35966 1.03116 1.39009 0.832579 1.23438 1.07493 1.13392 0.806073 1.34913 1.60188 1.36497 1.07214 1.37577 1.10268 1.7207 1.13742 0.765422 1.17593 1.4456 1.11028 1.58075 1.28968 1.49002 0.682613 1.16602 1.50309 1.42446 1.5117 1.50187 1.49863 1.61201 1.22008 1.326 1.3316 1.2557 1.24967 1.07339 1.48659 1.03704 1.43957 1.26864 1.39347 1.23696 1.16414 1.72735 1.25464 1.18184 1.2972 1.5711 1.44547 1.22367 1.39998 0.803722 1.62936 1.35274 1.44913 1.35652 1.2883 1.71693 
1.3336 1.66903 0.799438 1.35656 1.3604 0 1.46611 1.46115 1.44554 1.40345 1.42151 1.12497 1.60402 1.58381 1.48076 1.41362 1.2074 1.11438 1.45457 1.54972 1.0324 1.63961 1.36365 1.29398 1.47681 1.18128 1.38797 0.782626 1.80823 1.28636 1.16149 1.27822 1.31024 1.19549 0.897762 1.15129 1.59409 1.31386 1.42992 1.59081 1.02985 1.51876 1.07101 1.38212 1.0675 1.12595 0.820622 1.37549 1.18911 0.784319 0.959567 1.38985 1.05492 1.45727 1.01138 1.43383 1.10805 1.45413 1.4087 0.983063 1.41002 1.16893 1.17234 1.2629 1.42731 1.26056 1.35062 1.61652 1.29854 1.28583 1.1308 1.40558 0.961356 1.47671 1.4718 1.44904 1.26774 1.04426 1.69943 1.55798 1.20263 1.40587 1.3584 1.2385 1.41639 1.06193 1.3141 1.55913 1.09974 1.40648 1.57169 1.00371 1.41436 1.17169 1.42373 1.57041 1.41007 1.40061 1.09169 1.31173 
1.51147 1.30524 1.51095 1.33734 1.27044 1.46611 0 1.50181 1.4061 1.51544 1.3062 1.45722 1.34043 1.54787 1.37992 1.6018 1.37957 1.17469 1.37774 1.13297 1.1733 0.758468 1.16709 1.21786 1.30323 1.27014 1.35314 1.27918 1.75596 1.67485 1.3277 1.55359 0.939182 1.49379 1.29027 1.46682 1.45539 1.54859 1.29065 1.56559 1.21265 1.15057 1.36962 1.22788 1.43637 1.14704 1.35322 0.980196 1.11284 1.57733 1.46062 1.47868 1.14262 1.6718 1.4663 1.60433 1.25131 1.04341 1.48164 1.75992 1.14947 1.40823 1.2428 1.52205 1.42626 1.18974 1.43275 1.6126 1.03829 1.19449 1.18997 1.47953 1.34786 1.5222 1.34839 0.937739 1.44932 1.28467 1.44899 0.954433 1.48142 1.27716 1.55638 1.11581 1.67994 1.35008 1.87528 1.18191 0.954434 1.13948 1.31221 1.38092 1.38607 1.23177 1.7617 1.43358 1.37039 1.00996 1.66937 1.56731 
1.01223 1.29915 1.46231 1.22737 1.15329 1.46115 1.50181 0 1.56896 1.34698 1.59661 1.31184 1.30573 1.29149 1.70171 1.13361 1.61428 1.14283 0.944022 1.17364 1.27367 1.29278 1.16269 0.933327 1.36991 1.29643 1.20172 1.15897 1.11183 1.45063 1.1903 1.14317 1.38696 1.23982 1.20798 0.978366 1.58153 0.983574 1.1242 1.20336 1.11318 1.0702 1.07718 1.19839 1.05336 1.11624 1.1416 0.909146 1.47276 1.29836 1.6097 1.33314 1.24913 1.21027 1.21007 1.19384 1.16958 0.962013 1.39815 1.47861 1.15766 1.50364 1.25027 0.862757 1.25748 1.31127 1.56591 1.20861 1.28177 1.5798 1.26685 1.30642 1.53008 0.65578 1.43519 0.992034 0.982976 1.05889 1.31607 1.24605 1.11428 1.68098 1.61167 1.15989 0.976099 1.69193 1.00028 0.95656 1.65657 1.42409 1.1646 0.757008 0.974815 1.17311 0.985873 1.37953 1.33628 1.36085 1.2793 1.30287 
1.42657 1.25699 1.08142 1.06194 1.68852 1.44554 1.4061 1.56896 0 1.48071 1.50851 1.463 1.16954 1.40037 1.63205 1.34898 0.983544 1.45827 1.68786 1.5126 1.87335 1.51678 1.50079 1.27268 1.35805 1.40506 1.01196 1.63425 1.48225 0.924537 0.883389 1.1286 1.44294 1.96849 1.47179 1.57602 1.42937 1.63064 1.21192 1.58666 1.57602 1.2207 1.79295 1.20898 1.15522 1.20791 0.949023 0.969831 1.64481 1.33831 1.25373 1.58287 1.6491 1.22037 1.73064 0.975908 1.02699 1.62204 1.56097 1.41554 1.24449 0.95315 1.74071 1.39145 1.65651 1.645 1.24954 1.41476 1.1492 1.05112 1.32233 1.34303 1.22677 1.7294 1.32222 1.59751 1.46134 0.814472 0.963296 1.16095 0.77459 1.34407 1.3589 1.44649 1.25158 1.38532 1.41779 1.19795 1.34629 0.883883 1.04578 1.39005 1.38046 1.48557 1.22721 1.59146 1.05355 1.15449 1.36248 1.35316 
1.87884 1.05268 1.09048 1.28132 1.22604 1.40345 1.51544 1.34698 1.48071 0 1.46544 1.41398 1.57258 1.05251 1.23787 1.60895 1.71806 1.75058 1.47845 1.05928 1.2876 1.47048 1.51499 1.28542 1.24314 1.26108 1.22285 1.13867 1.60728 1.21348 1.15193 1.1486 0.976834 1.31291 1.62517 1.24276 0.845618 1.13483 1.2015 1.55625 1.14749 1.53388 1.54749 1.34036 1.00731 1.69826 0.924881 1.27995 1.23356 1.06728 1.38414 0.418501 1.3352 1.47901 1.44433 1.36978 0.925162 1.16863 1.00307 1.44157 0.958358 1.44662 1.17677 1.46771 1.18673 0.841689 1.67432 0.853845 0.985327 1.34226 1.14663 1.39857 1.47775 1.44565 0.927756 1.54939 1.55882 1.16786 1.24974 1.38778 1.05027 1.27464 1.12261 0.885179 1.45712 1.25758 1.23428 1.19873 1.24799 1.27738 1.68283 1.37003 1.45955 1.36996 1.36184 1.47133 1.05309 1.67413 0.82623 1.76308 
1.80028 1.35792 1.38742 1.14547 1.68704 1.42151 1.3062 1.59661 1.50851 1.46544 0 1.05237 1.60313 1.63051 1.36002 1.61454 1.52477 1.30779 1.82263 1.23491 1.43106 1.52766 1.32807 1.67524 1.6286 0.613494 1.64831 1.37565 1.55182 1.37425 1.07882 1.57473 0.901269 1.60606 1.21876 1.15861 1.21075 1.85801 1.11589 1.53793 1.38003 1.56458 1.40552 1.62203 1.54568 1.23751 1.39263 1.37726 1.30832 1.52321 1.43734 1.33612 1.25672 1.64484 1.69801 1.42659 1.27513 1.60035 1.51362 1.65233 1.45265 1.37817 1.06625 1.36086 1.66288 0.969737 1.81425 1.31967 0.88952 1.18525 0.609459 0.799896 1.58779 1.51132 1.34519 1.59485 1.24842 1.21755 1.31944 1.47513 1.45255 0.87374 1.35117 1.24198 1.77872 1.30854 1.79255 1.70525 1.13403 1.47849 1.55102 1.5772 1.19002 1.51144 1.3038 1.1065 1.55441 1.56177 1.20343 1.54294 
1.47885 1.39295 1.18063 1.1042 1.38208 1.12497 1.45722 1.31184 1.463 1.41398 1.05237 0 1.79942 1.49949 1.65768 1.40764 1.36613 1.0204 1.39332 1.53349 1.1677 1.79715 1.14231 1.59688 1.39653 1.12844 1.5183 1.04006 1.28151 1.23364 1.02844 1.41929 1.26501 1.40904 1.22482 1.39742 1.2388 1.23504 1.37327 1.11963 1.11855 1.39601 1.35647 1.56587 1.24014 1.1001 1.03736 1.35721 1.1646 1.19336 1.48056 1.39465 1.24764 1.44313 1.4441 1.04121 1.09694 1.58009 1.23599 1.1946 1.53651 1.32482 0.885518 1.40778 1.65144 1.17017 1.74214 1.20807 1.15105 1.19981 0.783591 1.26517 1.41582 1.23172 1.36566 1.31305 1.2272 1.01194 1.53964 1.33561 1.25002 1.10954 1.06995 0.930358 1.31717 1.22913 1.38751 1.65782 1.30678 1.54513 1.63401 1.11001 0.720467 1.52595 1.31868 1.00487 1.42786 1.49931 1.13597 1.22787 
1.42601 1.66582 1.49988 1.08861 1.57289 1.60402 1.34043 1.30573 1.16954 1.57258 1.60313 1.79942 0 1.35798 1.4878 1.11345 1.44986 1.30723 1.60862 0.973467 1.74656 1.21779 1.13668 1.00398 1.13724 1.38422 1.4563 1.68449 1.69889 1.35899 1.35654 1.3392 1.38032 1.69983 1.18021 1.20624 1.82032 1.64355 1.11316 1.555 1.27341 0.974082 1.41671 1.33626 1.29066 1.18471 1.23981 0.950657 1.50705 1.30711 1.26691 1.48026 1.64971 1.03131 1.70007 1.44344 1.24396 1.20639 1.62263 1.72597 0.729962 1.2327 1.70208 0.843833 1.38581 1.44473 0.788733 1.44781 1.23048 1.32243 1.41513 1.1625 1.29089 1.44764 1.19865 1.42245 1.03884 1.13587 1.22258 1.33219 1.29001 1.60997 1.64168 1.59108 1.26162 1.83197 1.32342 1.15562 1.24384 1.40121 0.757277 1.39909 1.51925 1.303 1.14907 1.57579 1.39732 0.803652 1.59128 1.37296 
1.88203 1.52353 1.50747 1.45841 1.14062 1.58381 1.54787 1.29149 1.40037 1.05251 1.63051 1.49949 1.35798 0 1.26172 0.947073 1.30987 1.54112 1.80449 0.946882 1.42874 1.49589 1.56027 1.16341 0.82799 1.6216 1.46445 1.26399 1.41828 1.00664 1.50616 1.04806 1.272 1.20776 1.51225 1.3204 1.38338 1.38332 1.2292 1.46523 1.35462 1.42474 1.43404 1.72366 1.07293 1.5672 0.940766 0.974043 1.20668 1.24684 1.78126 1.2041 1.4097 0.789595 1.51587 1.52475 0.598649 1.07284 0.95834 1.32251 0.95984 1.77264 1.31208 1.421 1.11078 1.28572 1.35395 0.851615 1.23992 1.67913 1.43771 1.22761 1.26718 1.68239 1.29727 1.46609 1.24528 1.1495 1.2306 1.46916 1.10096 1.26635 1.34522 1.38947 1.37852 1.82278 1.24451 1.17149 1.2732 1.38794 1.48435 1.47915 1.60139 1.17062 1.37051 1.23135 1.60313 1.47846 1.08089 1.96328 
2.06008 1.62361 1.61148 1.71246 1.16453 1.48076 1.37992 1.70171 1.63205 1.23787 1.36002 1.65768 1.4878 1.26172 0 1.53665 1.53525 1.70902 1.92973 1.02282 1.37718 1.365 1.59712 1.26206 1.23904 1.26993 1.7489 1.20078 1.60432 1.1986 1.59154 1.13369 1.07051 1.16728 1.2981 1.35782 1.26042 1.84352 0.967908 1.44245 1.34744 1.83945 1.189 1.74848 1.30876 1.45192 1.25781 1.3564 0.89976 1.47323 1.36723 1.28166 1.07714 1.51997 1.72632 1.87728 1.2271 1.30512 1.10142 1.42969 1.07817 1.58501 1.39195 1.51501 0.74008 1.12789 1.60698 1.55569 1.435 1.54997 1.45817 1.23227 1.05537 1.85227 1.13275 1.85414 1.27735 1.20595 1.22028 1.50375 1.60792 0.865396 1.1891 1.52916 1.70015 1.61535 1.56264 1.43341 1.03636 1.57331 1.42966 1.83535 1.78407 0.938071 1.55383 1.21122 1.6797 1.42285 1.29285 1.93639 
1.50586 1.81783 1.48678 1.30565 1.42926 1.41362 1.6018 1.13361 1.34898 1.60895 1.61454 1.40764 1.11345 0.947073 1.53665 0 1.198 0.990604 1.68756 1.15249 1.56164 1.60484 1.26909 1.02925 1.04075 1.53813 1.53444 1.34307 1.39667 1.03881 1.50688 1.21948 1.44924 1.35738 1.14028 1.1788 1.87554 1.47734 1.16222 1.25812 1.25489 1.31784 1.15988 1.78682 1.27948 1.1603 1.02051 0.944032 1.37269 1.18303 1.6322 1.59732 1.38852 0.491169 1.58996 1.34568 0.884368 1.33284 1.20366 1.09686 1.15381 1.6518 1.34597 0.965335 1.36173 1.56312 1.11613 1.28306 1.38245 1.73025 1.4176 1.02485 1.04867 1.53262 1.48667 1.36432 0.739965 1.09245 1.36754 1.62153 1.196 1.51013 1.46796 1.57085 1.24264 1.85618 1.14365 1.30151 1.37698 1.5155 1.13592 1.30138 1.43506 1.19612 1.08084 1.1278 1.7936 1.12656 1.38739 1.55914 
1.41484 1.67166 1.39061 1.52941 1.40135 1.2074 1.37957 1.61428 0.983544 1.71806 1.52477 1.36613 1.44986 1.30987 1.53525 1.198 0 1.27211 1.90603 1.59837 1.52281 1.53633 1.65668 1.36591 1.32401 1.5646 1.42444 1.32216 1.51518 1.08856 1.29022 1.09543 1.58014 1.55852 1.13461 1.5372 1.62608 1.74987 1.45251 1.68544 1.62977 1.35785 1.45817 1.51185 1.09899 1.03296 0.99994 1.0209 1.4032 1.42104 1.5561 1.85067 1.40018 1.122 1.33161 1.53268 0.975149 1.47986 1.62409 1.31603 1.47425 1.38399 1.63662 1.53436 1.49851 1.67196 1.21155 1.61684 1.42472 1.37763 1.4626 1.38489 1.04669 1.85499 1.71943 1.52623 1.30865 0.918731 1.39178 1.29059 1.11492 1.22208 1.60263 1.65997 1.38447 1.66453 1.58027 1.43992 1.25487 1.21529 1.29575 1.36772 1.55833 1.1273 1.54321 1.55092 1.57909 1.28923 1.32167 1.67604 
1.11645 1.70598 1.34692 1.08869 1.44281 1.11438 1.17469 1.14283 1.45827 1.75058 1.30779 1.0204 1.30723 1.54112 1.70902 0.990604 1.27211 0 1.27139 1.32676 1.20256 1.45331 0.805361 1.21761 1.30787 1.23196 1.50278 1.16254 1.56715 1.46689 1.29792 1.54642 1.28111 1.3772 0.843463 1.18325 1.8453 1.34483 1.31297 1.23179 0.964577 1.08821 1.0101 1.52393 1.40309 0.758897 1.16986 1.07506 1.23781 1.20858 1.41403 1.63549 1.18308 1.22963 1.37933 1.25632 1.17236 1.34263 1.4308 1.29779 1.34622 1.39026 1.04001 0.996529 1.60643 1.37728 1.26009 1.53045 1.20948 1.39853 1.04664 1.18544 1.18558 1.18975 1.51136 0.896784 0.864276 1.14715 1.6363 1.404 1.37306 1.49834 1.50094 1.2402 1.35163 1.48187 1.46229 1.45727 1.20612 1.49401 1.23615 0.971151 1.02296 1.31721 1.31617 1.16979 1.63993 0.953624 1.55389 1.08106 
1.06292 1.31245 1.38459 1.28251 1.34136 1.45457 1.37774 0.944022 1.68786 1.47845 1.82263 1.39332 1.60862 1.80449 1.92973 1.68756 1.90603 1.27139 0 1.55223 1.3132 1.41798 1.06984 1.17044 1.57859 1.45074 1.20766 1.28073 1.59632 1.8006 1.26011 1.54851 1.4639 1.57393 1.49635 1.48896 1.6656 0.775079 1.46214 1.30239 1.00996 1.20643 1.42543 1.04942 1.32233 1.29795 1.31982 1.3025 1.5362 1.36994 1.4409 1.42449 1.39658 1.7773 1.43337 1.21826 1.52258 1.27941 1.52574 1.63268 1.36808 1.36512 1.36193 1.31194 1.57843 1.44039 1.74222 1.63 1.42063 1.44673 1.37862 1.81818 1.62712 0.796349 1.40263 0.968841 1.51159 1.3181 1.6778 1.21404 1.40432 1.90007 1.57951 0.925043 1.22025 1.38266 1.33663 1.17873 1.69419 1.49858 1.44908 0.837535 1.02162 1.54507 1.50246 1.67358 1.14662 1.34202 1.68782 1.0683 
1.76191 1.38928 1.48409 1.18042 1.22294 1.54972 1.13297 1.17364 1.5126 1.05928 1.23491 1.53349 0.973467 0.946882 1.02282 1.15249 1.59837 1.32676 1.55223 0 1.27232 1.01838 1.12787 1.00838 0.990005 1.12308 1.46534 1.26476 1.56282 1.3238 1.38199 1.30054 0.748439 1.18241 1.24631 0.919379 1.37901 1.46151 0.874829 1.38877 1.01065 1.25375 1.14323 1.4985 1.27864 1.36832 1.17952 0.933252 1.05627 1.27075 1.46053 0.923695 1.19411 1.16289 1.54744 1.53206 0.956752 0.828498 1.08741 1.58578 0.576938 1.55871 1.07656 1.04155 1.03838 0.82802 1.30771 1.01202 0.900964 1.44569 1.10075 0.912104 1.323 1.35614 0.977376 1.25339 1.01651 1.21197 1.157 1.35281 1.32545 1.22089 1.36344 1.18114 1.51295 1.61922 1.40302 1.08656 0.98812 1.36515 1.23209 1.43915 1.43735 1.10418 1.23431 1.12141 1.47699 1.18432 1.25882 1.69232 
1.53792 1.58616 1.43769 1.56897 0.82532 1.0324 1.1733 1.27367 1.87335 1.2876 1.43106 1.1677 1.74656 1.42874 1.37718 1.56164 1.52281 1.20256 1.3132 1.27232 0 1.33944 1.29013 1.34747 1.31661 1.32181 1.61087 0.55035 1.72446 1.66964 1.46804 1.43098 1.15486 0.633725 1.08709 1.21195 1.43401 1.15539 1.50731 1.51179 0.922022 1.42804 0.908156 1.46057 1.15774 1.29101 1.17345 1.33294 0.810925 1.2256 1.53763 1.26726 0.884363 1.61096 0.847941 1.75592 1.19033 0.925966 1.30256 1.47513 1.32147 1.62885 0.847352 1.47976 1.18292 0.904189 1.60787 1.47586 1.30493 1.48159 1.18463 1.5471 1.35953 1.26708 1.47843 1.06489 1.32451 1.31397 1.8074 1.35425 1.5299 1.35501 1.51157 1.02669 1.5462 1.43839 1.54627 1.482 1.11915 1.60565 1.74852 1.08807 1.36843 1.06258 1.7297 1.42015 1.56327 1.51627 1.25802 1.67441 
1.44656 1.22215 1.65123 1.54168 1.26739 1.63961 0.758468 1.29278 1.51678 1.47048 1.52766 1.79715 1.21779 1.49589 1.365 1.60484 1.53633 1.45331 1.41798 1.01838 1.33944 0 1.47404 0.943079 1.50917 1.30807 1.19566 1.35354 1.68843 1.7362 1.3916 1.37671 1.07455 1.459 1.36 1.2463 1.55771 1.64688 1.14281 1.7477 1.42821 1.26466 1.29778 1.08782 1.38966 1.28492 1.45024 0.823466 1.42955 1.71494 1.5927 1.47837 1.12458 1.67407 1.37509 1.74891 1.32896 0.788908 1.63697 1.8842 1.09302 1.57826 1.47997 1.39364 1.21505 1.31839 1.55059 1.65805 1.18296 1.51528 1.43689 1.46994 1.49971 1.4848 1.5172 1.10013 1.44359 1.33311 1.26886 1.09115 1.41832 1.53518 1.84743 1.36281 1.68583 1.59798 1.81084 0.806479 1.34045 1.04333 1.16363 1.39654 1.59797 1.00442 1.63505 1.66931 1.39371 1.24487 1.62162 1.77221 
1.35469 1.60015 1.37421 0.810164 1.39024 1.36365 1.16709 1.16269 1.50079 1.51499 1.32807 1.14231 1.13668 1.56027 1.59712 1.26909 1.65668 0.805361 1.06984 1.12787 1.29013 1.47404 0 1.27794 1.07453 1.17937 1.60174 1.35449 1.58953 1.50205 1.26997 1.59274 1.18685 1.47571 1.08315 1.30427 1.63805 1.16463 1.24751 0.993428 0.617446 0.949151 1.22974 1.42306 1.36181 1.00596 1.20903 1.23326 1.09146 1.11289 1.20723 1.31233 1.43166 1.33363 1.6382 1.16971 1.30197 1.29407 1.30929 1.53418 1.01399 1.17132 1.11167 0.964193 1.52233 1.10248 1.23155 1.3451 1.13245 1.10964 0.977124 1.27098 1.33459 0.946467 0.975889 1.03748 0.979584 1.16493 1.56509 1.23384 1.48028 1.46023 1.22279 1.01273 1.19393 1.48536 1.2936 1.45888 1.10936 1.65125 1.22073 1.12127 0.872552 1.50217 1.2769 1.12472 1.3735 0.814689 1.59912 0.862924 
1.22312 1.34468 1.29511 1.36156 1.11144 1.29398 1.21786 0.933327 1.27268 1.28542 1.67524 1.59688 1.00398 1.16341 1.26206 1.02925 1.36591 1.21761 1.17044 1.00838 1.34747 0.943079 1.27794 0 1.19846 1.32422 0.984931 1.093 1.40418 1.2324 1.28222 0.928244 1.1786 1.23796 1.15598 1.05799 1.61321 1.24463 0.851147 1.30101 1.104 1.26971 1.00776 1.17524 1.04853 1.09861 0.956977 0.677626 1.31083 1.21003 1.27594 1.3274 0.999704 1.16745 1.33282 1.359 1.00884 0.908464 1.17929 1.20422 0.862924 1.38559 1.36352 0.958028 0.908408 1.39502 1.23747 1.47568 1.27318 1.55277 1.43316 1.30105 0.948915 1.32419 1.27598 1.17619 1.04897 0.971313 1.09517 1.25298 1.0644 1.54164 1.45942 1.29044 1.19915 1.47623 1.12871 0.541454 1.34267 1.0525 0.846486 1.10684 1.44466 0.778114 1.16277 1.41385 1.32021 0.980957 1.37287 1.44408 
1.74125 1.68367 1.49977 1.26172 1.00308 1.47681 1.30323 1.36991 1.35805 1.24314 1.6286 1.39653 1.13724 0.82799 1.23904 1.04075 1.32401 1.30787 1.57859 0.990005 1.31661 1.50917 1.07453 1.19846 0 1.60807 1.64855 1.30506 1.52665 1.14069 1.51005 1.22217 1.31442 1.24159 1.30322 1.5039 1.45754 1.22627 1.31671 1.15793 0.985502 1.12468 1.37271 1.62348 1.0385 1.32359 0.931978 1.09955 0.826705 1.07182 1.48033 1.26715 1.50571 0.857992 1.59139 1.47179 0.894238 1.08064 0.98371 1.38752 0.731801 1.454 1.33409 1.3429 1.11996 1.19212 0.94761 1.09784 1.29671 1.3209 1.3776 1.37306 1.0642 1.51661 0.944458 1.32647 1.12683 1.07138 1.4213 1.20694 1.34627 1.21761 1.10396 1.27874 1.12408 1.77629 1.15972 1.3298 0.952681 1.59179 1.32611 1.40249 1.40493 1.25033 1.47723 1.14396 1.47306 0.980676 1.39055 1.58682 
1.4805 1.15616 1.10475 1.00732 1.54424 1.18128 1.27014 1.29643 1.40506 1.26108 0.613494 1.12844 1.38422 1.6216 1.26993 1.53813 1.5646 1.23196 1.45074 1.12308 1.32181 1.30807 1.17937 1.32422 1.60807 0 1.33011 1.1825 1.46882 1.29968 0.824437 1.33885 0.804849 1.46808 1.03502 0.827529 1.19901 1.60169 0.834138 1.41468 1.13611 1.44858 1.16088 1.25833 1.32041 1.07546 1.20056 1.2245 1.30865 1.28193 1.04698 1.10685 1.04333 1.59538 1.48905 1.23644 1.23556 1.41075 1.428 1.47717 1.23665 1.08991 1.05118 1.00323 1.42541 0.883228 1.68492 1.33787 0.839163 1.09504 0.604664 0.816708 1.41574 1.19425 1.16278 1.4738 1.10485 1.02173 1.15237 1.36503 1.2433 1.09681 1.28947 1.07091 1.54119 1.0534 1.48471 1.39991 1.17087 1.28367 1.28784 1.28761 1.08109 1.28997 0.999836 1.22606 1.24798 1.3984 1.07405 1.2376 
1.23264 0.802324 0.981946 1.24465 1.55555 1.38797 1.35314 1.20172 1.01196 1.22285 1.64831 1.5183 1.4563 1.46445 1.7489 1.53444 1.42444 1.50278 1.20766 1.46534 1.61087 1.19566 1.60174 0.984931 1.64855 1.33011 0 1.34249 1.53548 1.35096 0.852531 1.16287 1.26393 1.76633 1.60144 1.33322 1.40421 1.27925 1.19647 1.70749 1.48262 1.33525 1.6424 0.86407 1.17317 1.39478 1.03256 0.881451 1.74965 1.38327 1.4106 1.35107 1.32135 1.56398 1.38684 1.04272 1.07988 1.34086 1.51238 1.4382 1.3154 1.29206 1.5094 1.38474 1.5659 1.54352 1.65717 1.4341 1.06992 1.40636 1.32132 1.5361 1.46213 1.45407 1.49752 1.27693 1.62 1.07206 1.10977 1.23945 0.647908 1.66732 1.59746 1.12814 1.41941 1.10644 1.45242 0.729498 1.59769 0.482619 1.2901 1.06231 1.37547 1.37107 1.2969 1.76256 0.916619 1.47411 1.29281 1.48725 
1.43713 1.42255 1.16855 1.50428 0.826967 0.782626 1.27918 1.15897 1.63425 1.13867 1.37565 1.04006 1.68449 1.26399 1.20078 1.34307 1.32216 1.16254 1.28073 1.26476 0.55035 1.35354 1.35449 1.093 1.30506 1.1825 1.34249 0 1.47614 1.31012 1.27464 1.08935 1.07966 0.631051 1.01264 1.06876 1.31003 1.10997 1.22898 1.33216 0.942727 1.5236 0.778017 1.40188 0.97383 1.16146 0.876158 1.17208 0.871426 1.0545 1.3545 1.19803 0.569383 1.43712 0.880097 1.52143 0.959099 1.04197 1.0418 1.00699 1.2788 1.49326 0.810275 1.33119 0.998553 1.02011 1.58723 1.40516 1.25953 1.48254 1.14386 1.36746 1.04702 1.30908 1.39698 1.20815 1.17776 1.04466 1.53178 1.36741 1.24591 1.21587 1.2754 1.00533 1.39664 1.20664 1.29305 1.27809 1.15439 1.36485 1.55992 1.01633 1.31423 0.835986 1.4562 1.26123 1.45841 1.45635 0.993444 1.57008 
1.50512 1.32939 1.78556 1.56603 1.31535 1.80823 1.75596 1.11183 1.48225 1.60728 1.55182 1.28151 1.69889 1.41828 1.60432 1.39667 1.51518 1.56715 1.59632 1.56282 1.72446 1.68843 1.58953 1.40418 1.52665 1.46882 1.53548 1.47614 0 1.18197 1.30186 0.99203 1.66565 1.61712 1.49494 1.57119 1.33581 1.60338 1.09774 0.995193 1.65908 1.56169 1.48708 1.59768 1.22126 1.17767 1.34644 1.18798 1.57645 1.75471 1.85299 1.73427 1.46398 1.38597 1.77689 1.29255 1.36263 1.55399 1.45314 1.50548 1.54963 1.59108 1.61604 1.43381 1.35355 1.65058 1.96117 1.41014 1.62282 1.64511 1.51605 1.37917 1.60421 1.36224 1.55429 1.67553 1.20042 0.953229 1.00638 1.22225 1.33189 1.32611 1.43237 1.53533 1.09186 1.89973 1.26423 1.32873 1.87242 1.60679 1.21945 1.47454 1.08383 1.35397 1.13564 1.15897 1.55709 1.591 1.37949 1.57596 
1.70509 1.44117 1.11754 1.24102 1.4307 1.28636 1.67485 1.45063 0.924537 1.21348 1.37425 1.23364 1.35899 1.00664 1.1986 1.03881 1.08856 1.46689 1.8006 1.3238 1.66964 1.7362 1.50205 1.2324 1.14069 1.29968 1.35096 1.31012 1.18197 0 1.10674 0.7948 1.33901 1.53338 1.31445 1.35088 1.2484 1.55117 0.956134 1.22165 1.38772 1.56129 1.45932 1.61117 0.995017 1.25515 0.705733 1.12824 1.31258 1.08765 1.27807 1.33868 1.38955 0.912891 1.69993 1.1042 0.786347 1.5831 1.04207 0.879283 1.17359 1.23657 1.44681 1.26017 1.26268 1.42223 1.38889 1.14651 1.26883 1.34296 1.26387 1.02001 0.949613 1.69235 1.14087 1.78338 1.11841 0.682345 0.909519 1.4445 0.902496 0.997282 0.906988 1.42648 1.16724 1.46523 1.01599 1.34254 1.27718 1.29477 1.21464 1.47605 1.38362 1.248 0.952334 1.11883 1.38427 1.34616 0.930475 1.51837 
1.15847 0.80836 0.787948 0.78565 1.5069 1.16149 1.3277 1.1903 0.883389 1.15193 1.07882 1.02844 1.35654 1.50616 1.59154 1.50688 1.29022 1.29792 1.26011 1.38199 1.46804 1.3916 1.26997 1.28222 1.51005 0.824437 0.852531 1.27464 1.30186 1.10674 0 1.10763 1.14236 1.68137 1.25275 1.15844 1.04582 1.30096 1.06616 1.44803 1.2685 1.13035 1.50781 0.823336 0.978793 1.06468 0.895749 1.03047 1.49735 1.15528 1.07045 1.17619 1.33759 1.43584 1.35316 0.743803 1.04544 1.42428 1.49269 1.41223 1.23774 0.749895 1.32465 1.14459 1.55711 1.17385 1.54298 1.17137 0.807448 0.796653 0.770316 1.1666 1.42937 1.14782 1.18533 1.35612 1.32684 0.714604 1.01314 1.03338 0.685144 1.242 1.26807 0.949217 1.16047 0.978269 1.26369 1.18163 1.32809 0.926512 1.21091 0.963953 0.870938 1.40104 0.958608 1.46529 0.676588 1.36371 0.96077 1.04522 
1.38196 1.26573 1.29546 1.48513 0.983048 1.27822 1.55359 1.14317 1.1286 1.1486 1.57473 1.41929 1.3392 1.04806 1.13369 1.21948 1.09543 1.54642 1.54851 1.30054 1.43098 1.37671 1.59274 0.928244 1.22217 1.33885 1.16287 1.08935 0.99203 0.7948 1.10763 0 1.42274 1.24645 1.19282 1.24101 1.18786 1.39792 0.948807 1.30197 1.40466 1.43722 1.22286 1.22834 0.580149 1.13003 0.772433 0.929443 1.29772 1.24104 1.34017 1.36733 1.18252 1.09467 1.28882 1.35191 0.93449 1.1817 1.24954 1.14209 1.10447 1.25501 1.54705 1.23534 0.806483 1.39782 1.43574 1.32218 1.40454 1.3993 1.44443 1.28767 1.04464 1.46403 1.29762 1.61385 1.13749 0.582986 0.870666 1.13874 0.89787 1.18189 1.28785 1.4225 0.94763 1.57753 0.923427 0.963085 1.4392 1.19228 1.05865 1.24294 1.39915 0.780069 1.07482 1.40139 1.20608 1.36896 0.913067 1.57011 
1.77803 1.11074 1.15865 1.11045 1.38146 1.31024 0.939182 1.38696 1.44294 0.976834 0.901269 1.26501 1.38032 1.272 1.07051 1.44924 1.58014 1.28111 1.4639 0.748439 1.15486 1.07455 1.18685 1.1786 1.31442 0.804849 1.26393 1.07966 1.66565 1.33901 1.14236 1.42274 0 1.31545 1.31951 1.00968 1.13912 1.45998 0.903012 1.45601 1.00209 1.45389 1.24736 1.4147 1.39073 1.36927 1.14041 1.07931 1.05509 1.25828 1.28565 0.829651 0.925842 1.53564 1.52957 1.38319 0.964501 1.1468 1.02589 1.43676 0.985162 1.43052 0.752347 1.27888 1.30046 0.714105 1.5966 1.15475 0.609531 1.27992 0.762586 0.990348 1.30461 1.44653 1.01432 1.25096 1.29108 1.21587 1.20932 1.36813 1.26095 1.04742 1.1786 0.839956 1.72552 1.01518 1.62506 1.20481 0.86296 1.11139 1.45066 1.41609 1.33921 1.24787 1.36064 1.11134 1.34153 1.32924 1.18207 1.60798 
1.71091 1.79127 1.62725 1.76613 0.724343 1.19549 1.49379 1.23982 1.96849 1.31291 1.60606 1.40904 1.69983 1.20776 1.16728 1.35738 1.55852 1.3772 1.57393 1.18241 0.633725 1.459 1.47571 1.23796 1.24159 1.46808 1.76633 0.631051 1.61712 1.53338 1.68137 1.24645 1.31545 0 1.08258 1.13764 1.56973 1.33353 1.40403 1.45302 1.06735 1.63624 0.698094 1.7137 1.13266 1.3852 1.1864 1.35263 0.845303 1.26267 1.65606 1.33539 0.904609 1.41095 1.0333 1.90369 1.17496 0.926394 1.1872 1.35475 1.27187 1.8198 1.04892 1.40402 0.84034 1.08105 1.59886 1.48236 1.53508 1.77072 1.44839 1.4586 1.2512 1.42756 1.52341 1.38528 1.14456 1.3225 1.73771 1.57304 1.59266 1.38324 1.53503 1.36862 1.51297 1.75491 1.37129 1.47334 1.2787 1.76589 1.69265 1.31255 1.597 0.833896 1.62805 1.34737 1.79745 1.58556 1.20788 1.87693 
1.13883 1.7384 1.35486 1.30517 1.20561 0.897762 1.29027 1.20798 1.47179 1.62517 1.21876 1.22482 1.18021 1.51225 1.2981 1.14028 1.13461 0.843463 1.49635 1.24631 1.08709 1.36 1.08315 1.15598 1.30322 1.03502 1.60144 1.01264 1.49494 1.31445 1.25275 1.19282 1.31951 1.08258 0 0.935664 1.67787 1.53888 1.16005 1.33877 1.03693 1.23275 0.640842 1.38663 1.08514 0.603235 1.08077 1.13836 1.06791 1.1333 1.12327 1.55099 1.05434 1.20413 1.1312 1.53347 1.20991 1.2052 1.52551 1.32267 1.20838 1.17858 1.2642 0.859627 1.18779 1.20717 1.14293 1.59609 1.32939 1.26826 1.13317 1.05612 1.00943 1.22979 1.42537 1.32754 0.649914 0.921449 1.49078 1.335 1.38555 1.26789 1.49989 1.44314 1.22289 1.5674 1.28246 1.46125 1.08589 1.55702 1.09516 1.0808 1.24662 0.881919 1.19916 1.30626 1.55382 1.04568 1.27134 1.19946 
1.4007 1.44851 1.22047 1.20403 1.42272 1.15129 1.46682 0.978366 1.57602 1.24276 1.15861 1.39742 1.20624 1.3204 1.35782 1.1788 1.5372 1.18325 1.48896 0.919379 1.21195 1.2463 1.30427 1.05799 1.5039 0.827529 1.33322 1.06876 1.57119 1.35088 1.15844 1.24101 1.00968 1.13764 0.935664 0 1.56671 1.47328 0.967174 1.58381 1.10415 1.38197 0.869054 1.36871 1.20902 1.20866 1.12542 1.07222 1.38374 1.1277 1.31574 1.10655 1.03172 1.26703 1.16673 1.44769 1.07162 1.08941 1.42803 1.41912 1.0999 1.45536 1.07505 0.701667 1.2468 0.998964 1.46639 1.24431 1.00067 1.51978 0.980183 0.800647 1.37976 1.1512 1.39818 1.33766 0.899158 1.1415 1.32327 1.58537 1.15885 1.45384 1.60419 1.28477 1.48049 1.46432 1.28488 1.24202 1.29129 1.35398 1.30344 1.10382 1.35942 1.04887 0.926154 1.39807 1.48777 1.46052 0.977618 1.50409 
1.92394 0.862294 1.36474 1.40799 1.29289 1.59409 1.45539 1.58153 1.42937 0.845618 1.21075 1.2388 1.82032 1.38338 1.26042 1.87554 1.62608 1.8453 1.6656 1.37901 1.43401 1.55771 1.63805 1.61321 1.45754 1.19901 1.40421 1.31003 1.33581 1.2484 1.04582 1.18786 1.13912 1.56973 1.67787 1.56671 0 1.50903 1.24482 1.49556 1.47959 1.62956 1.72299 1.36907 1.13486 1.58419 1.18617 1.392 1.27333 1.5128 1.53313 1.03809 1.40581 1.73366 1.64482 1.40671 1.18768 1.45518 1.28051 1.64735 1.33315 1.36709 1.35651 1.74073 1.36554 1.01383 1.96076 1.11472 1.13084 1.14303 1.13072 1.46408 1.644 1.56939 1.10213 1.72124 1.67368 1.09308 1.1243 1.12499 1.24858 0.885946 1.09391 1.02605 1.52522 1.30416 1.55082 1.4325 1.36787 1.34813 1.69892 1.58464 1.30419 1.48587 1.51248 1.38249 1.0673 1.76235 0.991548 1.76978 
1.35811 1.41121 1.21664 1.24645 1.14571 1.31386 1.54859 0.983574 1.63064 1.13483 1.85801 1.23504 1.64355 1.38332 1.84352 1.47734 1.74987 1.34483 0.775079 1.46151 1.15539 1.64688 1.16463 1.24463 1.22627 1.60169 1.27925 1.10997 1.60338 1.55117 1.30096 1.39792 1.45998 1.33353 1.53888 1.47328 1.50903 0 1.56738 1.31442 0.88493 1.19252 1.46837 1.27994 1.04331 1.48418 0.982838 1.30836 1.3384 0.987019 1.51574 1.15844 1.46968 1.45131 1.27004 1.18882 1.17734 1.18967 1.22276 1.39541 1.22598 1.46417 1.21461 1.38795 1.47685 1.2874 1.5573 1.22732 1.34549 1.45145 1.33848 1.76666 1.51028 0.997488 1.27589 1.04723 1.49501 1.24218 1.71658 1.31701 1.1985 1.76939 1.36349 0.822073 1.07059 1.44681 1.04367 1.26871 1.53297 1.54186 1.66106 0.788175 1.12267 1.52447 1.49066 1.58081 1.16664 1.46801 1.36759 1.33493 
1.53053 1.13579 1.30799 1.18001 1.33646 1.42992 1.29065 1.1242 1.21192 1.2015 1.11589 1.37327 1.11316 1.2292 0.967908 1.16222 1.45251 1.31297 1.46214 0.874829 1.50731 1.14281 1.24751 0.851147 1.31671 0.834138 1.19647 1.22898 1.09774 0.956134 1.06616 0.948807 0.903012 1.40403 1.16005 0.967174 1.24482 1.56738 0 1.08905 1.20623 1.46205 1.10524 1.36103 1.2062 1.06088 1.07617 0.877828 1.2643 1.34758 1.21183 1.18091 0.992661 1.26062 1.66686 1.20157 1.04605 1.25068 1.08186 1.24511 0.953854 1.26741 1.2324 0.926013 1.01337 1.17305 1.54713 1.27443 1.06672 1.37708 1.10198 0.781337 1.11755 1.34843 1.02861 1.50196 0.904299 0.844506 0.60594 1.27644 1.12616 1.07476 1.14066 1.24498 1.33593 1.36005 1.23201 0.951525 1.27502 1.14609 0.838777 1.4145 1.24234 0.998554 0.816632 0.980092 1.32929 1.14849 1.17392 1.40265 
1.59962 1.60139 1.6299 1.34045 1.23925 1.59081 1.56559 1.20336 1.58666 1.55625 1.53793 1.11963 1.555 1.46523 1.44245 1.25812 1.68544 1.23179 1.30239 1.38877 1.51179 1.7477 0.993428 1.30101 1.15793 1.41468 1.70749 1.33216 0.995193 1.22165 1.44803 1.30197 1.45601 1.45302 1.33877 1.58381 1.49556 1.31442 1.08905 0 1.08299 1.5009 1.27925 1.72541 1.33741 1.10519 1.23544 1.33836 1.13499 1.40565 1.50807 1.53219 1.36946 1.35119 1.89241 1.21426 1.35888 1.53884 1.01094 1.2371 1.30242 1.44637 1.29483 1.27411 1.2961 1.4364 1.69128 1.44166 1.56137 1.50164 1.37004 1.38669 1.25975 1.24688 1.10797 1.51175 1.00717 1.05222 1.34569 1.32198 1.54964 1.30802 0.92871 1.26929 1.0768 1.68383 1.11486 1.46565 1.52167 1.78946 1.23751 1.44092 0.976754 1.42589 1.23496 0.75731 1.59232 1.16017 1.57644 1.21523 
1.44808 1.54216 1.12358 1.00454 1.12248 1.02985 1.21265 1.11318 1.57602 1.14749 1.38003 1.11855 1.27341 1.35462 1.34744 1.25489 1.62977 0.964577 1.00996 1.01065 0.922022 1.42821 0.617446 1.104 0.985502 1.13611 1.48262 0.942727 1.65908 1.38772 1.2685 1.40466 1.00209 1.06735 1.03693 1.10415 1.47959 0.88493 1.20623 1.08299 0 1.17529 0.997485 1.38342 1.13946 1.16556 0.942916 1.24051 0.826503 0.741405 1.05274 0.954892 1.14759 1.31111 1.34803 1.27872 1.09481 1.09129 0.999195 1.25065 0.877128 1.23308 0.843134 0.99651 1.22705 0.834442 1.23075 1.23983 1.08718 1.20446 0.964441 1.2928 1.11985 1.00161 0.872465 1.07313 1.02831 1.12108 1.58339 1.33621 1.35829 1.38781 1.06528 0.812037 1.22051 1.26446 1.10421 1.3534 0.943833 1.56154 1.39794 1.00657 1.09265 1.2688 1.29939 1.16404 1.30757 1.03785 1.30809 1.11953 
1.04383 1.43187 1.44215 0.915061 1.35966 1.51876 1.15057 1.0702 1.2207 1.53388 1.56458 1.39601 0.974082 1.42474 1.83945 1.31784 1.35785 1.08821 1.20643 1.25375 1.42804 1.26466 0.949151 1.26971 1.12468 1.44858 1.33525 1.5236 1.56169 1.56129 1.13035 1.43722 1.45389 1.63624 1.23275 1.38197 1.62956 1.19252 1.46205 1.5009 1.17529 0 1.51338 1.02298 1.10933 1.07141 1.18022 0.926477 1.4403 1.29822 1.49136 1.48811 1.66535 1.19199 1.33764 1.22576 1.20012 1.06066 1.69405 1.8212 1.02914 1.17716 1.5186 1.13745 1.60335 1.33454 1.03833 1.26814 1.10707 1.04709 1.2069 1.4569 1.55995 1.03255 1.33494 0.859175 1.24403 1.09288 1.4777 0.88915 1.1747 1.62309 1.67222 1.2192 1.02057 1.72489 1.36727 1.21451 1.31725 1.37371 1.14668 0.902607 1.03165 1.46011 1.37225 1.60523 1.12037 0.995449 1.53508 1.16648 
1.36715 1.75592 1.5328 1.57096 1.03116 1.07101 1.36962 1.07718 1.79295 1.54749 1.40552 1.35647 1.41671 1.43404 1.189 1.15988 1.45817 1.0101 1.42543 1.14323 0.908156 1.29778 1.22974 1.00776 1.37271 1.16088 1.6424 0.778017 1.48708 1.45932 1.50781 1.22286 1.24736 0.698094 0.640842 0.869054 1.72299 1.46837 1.10524 1.27925 0.997485 1.51338 0 1.57308 1.22271 0.954424 1.20559 1.18879 1.01632 1.2659 1.39269 1.48069 0.732602 1.34993 1.15116 1.71233 1.25517 1.05545 1.32022 1.25831 1.24745 1.58011 1.08077 0.981859 0.940613 1.19478 1.46951 1.63171 1.45997 1.65978 1.30986 1.17694 1.07533 1.2447 1.50293 1.3072 0.732996 1.15931 1.561 1.52155 1.53332 1.39814 1.54388 1.41829 1.41513 1.63681 1.31976 1.36636 1.27502 1.64472 1.28619 1.19024 1.40999 0.712479 1.32047 1.22783 1.75222 1.27141 1.32921 1.51195 
0.957869 0.974029 1.20108 1.22829 1.39009 1.38212 1.22788 1.19839 1.20898 1.34036 1.62203 1.56587 1.33626 1.72366 1.74848 1.78682 1.51185 1.52393 1.04942 1.4985 1.46057 1.08782 1.42306 1.17524 1.62348 1.25833 0.86407 1.40188 1.59768 1.61117 0.823336 1.22834 1.4147 1.7137 1.38663 1.36871 1.36907 1.27994 1.36103 1.72541 1.38342 1.02298 1.57308 0 1.00356 1.21145 1.19108 1.07129 1.63881 1.41521 1.22295 1.39761 1.46808 1.70596 1.19514 1.28811 1.38289 1.18369 1.80561 1.80592 1.23642 0.944723 1.66492 1.33175 1.49788 1.38262 1.52791 1.5765 1.18995 1.0189 1.30838 1.66701 1.60143 1.14273 1.41108 1.24098 1.58832 1.04258 1.31429 0.854663 1.04198 1.66904 1.71679 1.1652 1.21107 1.31905 1.44304 0.989801 1.52892 1.01962 1.22411 0.934651 1.24059 1.34615 1.41599 1.9121 0.589115 1.36184 1.39775 1.24175 
1.21285 1.27062 1.1146 1.2705 0.832579 1.0675 1.43637 1.05336 1.15522 1.00731 1.54568 1.24014 1.29066 1.07293 1.30876 1.27948 1.09899 1.40309 1.32233 1.27864 1.15774 1.38966 1.36181 1.04853 1.0385 1.32041 1.17317 0.97383 1.22126 0.995017 0.978793 0.580149 1.39073 1.13266 1.08514 1.20902 1.13486 1.04331 1.2062 1.33741 1.13946 1.10933 1.22271 1.00356 0 1.09599 0.588358 0.983362 1.13824 0.939078 1.20954 1.18547 1.2763 1.06777 0.97339 1.26734 0.872139 1.00737 1.29259 1.25127 0.978079 1.05776 1.41829 1.19006 0.958484 1.16593 1.21221 1.15679 1.25335 1.10591 1.26171 1.38307 1.12512 1.20428 1.16819 1.36804 1.16732 0.590389 1.19062 0.961351 0.845031 1.23841 1.26396 1.17556 0.726302 1.48161 0.808273 1.07617 1.25493 1.25766 1.21862 0.908122 1.20662 0.935539 1.17195 1.48327 0.950073 1.29572 0.828906 1.37138 
0.872365 1.50129 1.37648 1.19186 1.23438 1.12595 1.14704 1.11624 1.20791 1.69826 1.23751 1.1001 1.18471 1.5672 1.45192 1.1603 1.03296 0.758897 1.29795 1.36832 1.29101 1.28492 1.00596 1.09861 1.32359 1.07546 1.39478 1.16146 1.17767 1.25515 1.06468 1.13003 1.36927 1.3852 0.603235 1.20866 1.58419 1.48418 1.06088 1.10519 1.16556 1.07141 0.954424 1.21145 1.09599 0 1.09386 0.947079 1.20963 1.32755 1.19934 1.67705 1.12035 1.24913 1.32285 1.25063 1.22975 1.29311 1.52756 1.33169 1.27551 1.0244 1.35945 0.963293 1.31019 1.39381 1.26903 1.60939 1.31404 1.14062 1.14428 1.15813 1.0641 1.1533 1.41028 1.19934 0.771475 0.732453 1.27117 1.01554 1.26768 1.24563 1.42499 1.35637 1.04099 1.49773 1.30342 1.28301 1.26106 1.36924 0.804212 1.02088 0.952656 1.01144 1.14666 1.21503 1.38169 0.850319 1.41801 0.950711 
1.3254 1.26847 0.717414 1.03107 1.07493 0.820622 1.35322 1.1416 0.949023 0.924881 1.39263 1.03736 1.23981 0.940766 1.25781 1.02051 0.99994 1.16986 1.31982 1.17952 1.17345 1.45024 1.20903 0.956977 0.931978 1.20056 1.03256 0.876158 1.34644 0.705733 0.895749 0.772433 1.14041 1.1864 1.08077 1.12542 1.18617 0.982838 1.07617 1.23544 0.942916 1.18022 1.20559 1.19108 0.588358 1.09386 0 0.920835 1.05267 0.593406 1.03294 1.04088 1.14487 0.912299 1.15114 0.998867 0.523842 1.16617 0.960617 0.820303 0.921676 1.02834 1.1454 1.09936 1.11879 1.11924 1.0954 1.03135 1.01634 1.09427 1.0438 1.17791 0.81851 1.32811 1.02255 1.29915 1.09024 0.581126 1.15741 1.17821 0.647811 1.13857 0.958986 0.995473 0.942861 1.15441 0.832583 1.08641 1.01276 1.07467 1.22642 0.92241 1.174 1.03861 1.05936 1.25595 1.02969 1.15219 0.780409 1.27184 
1.14888 1.08977 1.2966 1.13377 1.13392 1.37549 0.980196 0.909146 0.969831 1.27995 1.37726 1.35721 0.950657 0.974043 1.3564 0.944032 1.0209 1.07506 1.3025 0.933252 1.33294 0.823466 1.23326 0.677626 1.09955 1.2245 0.881451 1.17208 1.18798 1.12824 1.03047 0.929443 1.07931 1.35263 1.13836 1.07222 1.392 1.30836 0.877828 1.33836 1.24051 0.926477 1.18879 1.07129 0.983362 0.947079 0.920835 0 1.30009 1.31311 1.45499 1.35137 1.09993 0.990316 1.25733 1.17764 0.753285 0.846171 1.27413 1.36554 0.896582 1.32253 1.28334 1.0412 1.14274 1.29774 1.19736 1.18687 0.959542 1.32276 1.18379 1.09121 1.14311 1.28555 1.30894 0.947143 1.02333 0.809557 0.886564 0.940086 0.820118 1.29014 1.47092 1.18525 1.16066 1.48383 1.29572 0.571553 1.22824 0.790948 0.811081 1.03015 1.1991 0.894683 1.12037 1.27314 1.20477 0.976818 1.23489 1.44404 
1.78269 1.64928 1.46815 1.44331 0.806073 1.18911 1.11284 1.47276 1.64481 1.23356 1.30832 1.1646 1.50705 1.20668 0.89976 1.37269 1.4032 1.23781 1.5362 1.05627 0.810925 1.42955 1.09146 1.31083 0.826705 1.30865 1.74965 0.871426 1.57645 1.31258 1.49735 1.29772 1.05509 0.845303 1.06791 1.38374 1.27333 1.3384 1.2643 1.13499 0.826503 1.4403 1.01632 1.63881 1.13824 1.20963 1.05267 1.30009 0 1.1483 1.34384 1.20904 1.04424 1.36217 1.41416 1.66477 1.07179 1.09585 0.929725 1.31194 1.02863 1.45935 0.967119 1.44024 0.963681 0.864618 1.36161 1.35758 1.29343 1.28853 1.18359 1.34405 1.00273 1.48228 1.02518 1.35417 1.12903 1.12766 1.55426 1.25426 1.56156 0.902438 1.00619 1.12068 1.42062 1.49462 1.4093 1.50465 0.733085 1.65493 1.52104 1.42965 1.37101 1.05637 1.61785 0.990841 1.56258 1.17471 1.3018 1.60215 
1.49523 1.62647 0.733701 1.01282 1.34913 0.784319 1.57733 1.29836 1.33831 1.06728 1.52321 1.19336 1.30711 1.24684 1.47323 1.18303 1.42104 1.20858 1.36994 1.27075 1.2256 1.71494 1.11289 1.21003 1.07182 1.28193 1.38327 1.0545 1.75471 1.08765 1.15528 1.24104 1.25828 1.26267 1.1333 1.1277 1.5128 0.987019 1.34758 1.40565 0.741405 1.29822 1.2659 1.41521 0.939078 1.32755 0.593406 1.31311 1.1483 0 0.942675 0.993782 1.38187 1.09582 1.28484 1.18176 0.906005 1.34938 1.132 1.01989 1.00411 1.12553 1.16585 1.05446 1.37231 1.0963 1.07185 1.16461 1.1396 1.20601 1.0797 1.30118 1.03335 1.31899 1.03762 1.42339 1.17584 1.00791 1.57396 1.53462 1.0452 1.45236 1.0944 1.08456 1.14516 1.25203 0.87813 1.45223 1.03803 1.47835 1.50121 1.00413 1.31986 1.35282 1.17978 1.44437 1.23851 1.2773 1.00618 1.23314 
