0 29.0345 28.5648 28.9016 28.931 28.6825 28.8766 28.7393 28.9576 28.7916 28.8161 28.5568 28.6807 28.979 28.8124 28.6455 28.7432 29.2163 29.0027 28.988 29.221 28.5368 28.7221 28.7648 29.1767 28.6018 28.9347 28.4689 29.2765 28.8292 28.6318 28.2977 28.7131 28.7376 29.0114 28.562 28.9204 28.6825 28.5312 28.6259 28.7635 28.769 28.6233 28.5641 29.1363 28.7778 28.7399 28.749 28.5163 28.8172 28.7163 28.679 28.5413 29.022 28.6707 28.4027 28.6436 28.9438 28.7327 28.6159 28.8973 29.103 28.8567 28.4134 28.9412 28.551 28.7841 29.247 28.6298 28.7772 28.4183 28.9585 28.3996 28.7582 29.0023 28.7025 28.8179 29.1122 29.0118 29.0215 28.6249 28.8329 28.7129 28.7396 28.8053 28.8355 28.6086 28.8478 28.7035 29.2698 28.5159 28.7422 29.1203 28.5136 28.806 29.0346 28.7947 29.2881 28.8621 28.9652 
29.0345 0 29.1877 28.5643 28.8436 28.7275 28.7759 28.9154 28.9969 28.416 28.8557 28.4748 28.6848 29.4311 29.2327 29.3381 28.8167 28.9995 28.9214 29.0625 29.2975 28.7863 28.8725 28.823 29.0338 28.8724 29.0643 28.3772 28.6833 28.7694 28.7603 28.7021 29.0445 28.613 28.5676 28.5821 29.0156 28.7551 28.4792 28.6667 28.5844 28.5946 28.9463 28.7165 28.8919 28.5587 28.9233 28.7759 28.8917 28.7659 28.867 28.8523 28.6875 28.4766 29.1349 28.9722 28.9954 28.8912 28.3456 29.0489 28.5293 28.6477 28.7062 29.0834 29.0817 28.5403 28.9329 28.7841 29.1723 28.9996 28.7076 28.5525 28.7219 28.9659 28.7595 28.6547 28.7568 28.5983 28.9342 28.759 28.884 28.6125 28.8101 28.8588 29.0067 28.764 28.754 29.3098 28.9608 28.8781 29.0857 28.7115 28.4533 28.5848 28.353 28.7949 29.0067 29.0909 28.9249 28.9213 
28.5648 29.1877 0 29.0495 28.9732 28.9844 29.3303 28.9054 28.9664 28.648 28.7458 28.9371 28.9576 29.0719 28.9221 29.0627 28.6679 29.305 29.0274 29.177 28.7129 28.5534 28.8794 29.2128 29.1003 29.2048 28.9352 28.616 29.1418 28.552 28.7199 28.7983 28.8571 28.7058 28.8067 28.816 29.1351 28.8495 28.5495 28.5599 29.3853 28.6378 29.0234 28.4856 29.2393 28.9033 28.9998 29.148 28.6556 28.635 28.6153 28.8188 28.3055 29.241 29.0029 28.8198 28.963 28.7651 28.7557 28.6638 28.6771 28.7145 29.1241 28.9055 29.007 28.5631 29.5922 28.9237 28.892 28.8661 28.7939 29.0977 29.0107 29.1129 28.8909 28.5213 29.1063 28.9211 28.8816 28.8695 29.0203 28.7616 28.5608 28.8746 28.7437 29.0563 28.511 28.8574 28.7416 29.2228 28.5374 28.749 29.0346 28.9346 28.961 28.8288 28.8644 29.2711 29.1825 28.9657 
28.9016 28.5643 29.0495 0 28.9648 28.872 28.9062 29.0562 28.9954 28.9027 28.9335 29.1576 28.7893 28.9757 29.1649 28.8612 28.9919 29.0547 29.0179 29.2224 28.9199 28.8379 29.0063 28.8026 29.0871 29.1439 29.1978 28.9495 29.106 28.7955 29.0025 28.7884 28.9759 28.8923 28.7304 29.4503 29.1538 28.9896 28.7563 28.4794 29.3691 28.9164 29.1631 28.9658 29.021 29.2277 28.7147 29.1578 29.2512 28.895 29.0706 29.1436 29.0635 28.7664 28.9343 28.9338 28.7612 28.8303 28.8493 28.6919 28.5347 28.9496 28.925 29.2741 28.739 29.1845 29.1074 28.983 29.113 28.7335 29.0748 28.8759 29.0014 29.3932 28.8421 28.5162 29.2383 28.9541 28.85 29.0539 29.0275 28.6398 28.6849 29.147 28.8428 28.9597 29.1194 28.7622 28.9434 28.8739 28.9545 29.0374 28.9336 28.9073 28.6128 29.0719 29.0621 29.3994 28.901 29.4608 
28.931 28.8436 28.9732 28.9648 0 28.8334 29.1999 28.982 29.2253 28.7483 28.4092 28.8426 28.9917 28.8745 29.1778 28.4299 28.4006 29.1702 28.9224 28.6415 28.6088 28.7325 28.8992 28.7406 28.9588 28.9487 28.8205 28.659 29.3225 28.6961 29.0109 28.6614 28.8036 29.1077 28.4943 28.8113 29.006 28.8529 28.8986 28.8432 28.9722 28.745 28.7621 28.5283 29.2785 29.0687 28.8676 28.6574 29.0416 28.8126 28.8333 28.7537 29.041 28.6637 28.8529 28.8603 28.5204 28.7236 28.6918 28.8452 28.4951 28.9513 28.4575 29.0592 28.899 28.4889 28.9122 28.7347 28.982 28.9669 28.7108 28.7443 29.2446 29.1689 28.9876 28.7216 29.0741 29.1528 28.9101 28.8606 28.7082 28.932 28.888 28.8623 28.7852 28.8774 28.4974 28.8898 28.9911 29.0288 28.9953 28.6367 28.6009 28.94 28.5133 29.0179 29.0579 28.6817 28.969 29.1218 
28.6825 28.7275 28.9844 28.872 28.8334 0 28.8168 28.7131 28.9029 28.9615 28.5145 28.7355 29.0352 28.7044 29.2412 29.2032 28.6279 28.8405 28.6182 29.1161 29.0005 28.4539 28.7438 29.0687 29.0651 29.0768 28.8564 28.525 28.7946 28.6636 29.3412 28.9423 28.8208 29.1234 28.4588 28.7765 28.9733 29.1106 28.5834 28.3765 28.7954 28.7663 29.0482 28.9556 28.7831 28.5526 28.4477 28.8735 29.0456 28.9166 28.7725 28.5982 28.7164 28.5987 28.9413 28.9185 28.5659 28.6325 28.5256 29.0296 28.7337 28.285 28.8975 28.6024 28.7287 28.9831 28.9703 28.5823 28.675 28.7721 29.0745 28.7584 28.8301 28.521 28.9459 28.6314 28.7453 28.9072 28.8174 28.8243 28.8945 28.0296 29.1503 28.8382 28.6752 28.9263 28.7341 28.7176 28.9224 28.9568 28.8524 28.6121 29.1331 28.4249 28.5664 28.4346 28.4443 28.8535 29.4013 28.9868 
28.8766 28.7759 29.3303 28.9062 29.1999 28.8168 0 29.5512 29.074 29.1539 28.7779 28.9191 29.2736 29.168 29.2214 29.3563 28.9918 29.0993 29.1882 28.8897 29.1745 28.632 28.5884 28.9311 28.8215 28.9333 28.7779 28.8706 29.4352 29.515 29.113 29.0486 28.8712 28.8344 29.232 29.248 29.0112 28.941 28.5677 28.8907 29.3296 28.9693 29.1261 28.9534 29.1898 28.9705 29.0121 29.0367 29.0873 28.4743 28.9668 28.9597 28.746 28.7864 28.9685 29.2037 28.9024 29.1186 28.603 28.7374 28.8037 29.1782 29.1364 28.8616 28.881 28.6799 28.925 29.1548 29.1655 28.8407 28.6301 28.711 29.2992 29.0472 29.5178 28.8562 28.8828 29.1177 28.7043 29.1724 28.8952 29.0067 28.8463 29.1066 28.6644 28.9874 28.7342 28.9496 29.2028 29.2086 29.1059 28.8051 28.9653 29.0172 28.7136 29.1965 29.127 28.9626 29.1415 29.1046 
28.7393 28.9154 28.9054 29.0562 28.982 28.7131 29.5512 0 29.004 28.9406 28.6962 28.9984 28.529 28.8612 28.8675 29.0307 28.5737 29.266 28.7659 28.8358 28.8946 28.8504 28.6996 29.2032 29.3414 29.0967 29.1863 28.8718 29.0546 28.5552 29.2021 28.5273 28.9854 28.8277 29.0348 28.8688 28.7546 29.1023 28.7019 28.7923 29.273 28.9548 29.152 28.8961 28.7387 28.9604 28.7937 28.8618 29.2699 29.0866 28.7311 28.6829 28.9302 29.1554 28.9187 28.7582 28.4125 29.0435 28.8306 28.3949 28.7241 28.9186 29.0729 28.9484 28.7389 28.9635 29.213 28.9263 28.9651 28.9358 28.6527 28.8412 28.5953 29.003 29.1389 28.8411 28.7858 29.2022 29.0336 29.1244 29.2103 29.0567 28.7397 28.631 29.0084 29.137 28.6904 29.0896 28.6389 28.9572 28.7902 28.9239 28.813 28.8045 28.646 29.1989 28.5776 29.0216 29.1539 29.0759 
28.9576 28.9969 28.9664 28.9954 29.2253 28.9029 29.074 29.004 0 28.9226 29.102 29.0708 28.7607 29.1196 29.2255 29.1448 28.9329 28.996 28.9385 28.9837 28.8395 28.5968 29.0231 28.7617 28.994 28.8746 28.9715 28.822 29.3802 28.7847 28.6811 29.15 28.9289 28.8426 28.7209 28.7645 29.1594 28.8187 28.7686 28.8125 28.9017 28.7272 29.1319 28.874 29.1761 28.6183 29.0493 28.8452 28.8795 29.0505 28.7771 28.8016 28.8702 28.9925 29.167 28.6186 28.9526 29.2079 28.8212 28.7794 28.8337 28.8943 29.1688 28.7576 29.0755 28.9643 29.0816 29.1292 29.2032 28.8898 28.7573 28.8086 29.3634 29.1514 28.7596 28.7737 28.9438 28.762 28.9106 28.8933 29.0798 28.8816 29.4022 29.1163 28.7378 28.5705 28.7416 29.148 28.6392 29.1572 29.1555 28.9452 28.8354 28.68 29.0402 29.0432 29.0728 28.9949 29.24 29.3906 
28.7916 28.416 28.648 28.9027 28.7483 28.9615 29.1539 28.9406 28.9226 0 28.7243 28.5874 28.7954 29.2816 28.8639 28.878 28.7479 28.8367 28.7247 28.8236 28.8393 28.7816 28.137 28.7704 28.6352 29.012 28.8713 28.8381 28.8339 28.7986 28.3478 29.0414 28.6484 28.7393 28.6427 28.8585 29.1356 28.6827 28.3747 28.584 28.9207 28.472 28.8738 28.7396 29.1453 28.7235 28.9395 29.106 28.7644 29.0162 28.9319 28.9149 28.8331 28.7621 28.8578 28.5719 28.6224 28.6417 28.4203 28.8924 28.8743 28.8464 28.6956 28.7107 28.2448 28.6004 28.98 29.2407 28.8368 28.793 28.5177 28.7284 28.78 28.8301 28.512 28.6106 28.7935 28.9774 28.8331 28.9684 28.9612 28.7721 28.6337 28.4965 28.7043 28.9145 28.6854 29.0188 28.8881 28.8257 28.4511 28.7289 28.6413 28.7128 28.6234 28.6506 29.1349 28.3599 28.6606 28.5932 
28.8161 28.8557 28.7458 28.9335 28.4092 28.5145 28.7779 28.6962 29.102 28.7243 0 28.9585 28.5216 28.9732 29.0704 29.1187 29.0717 28.8012 28.7283 29.0069 29.0959 28.8231 28.6193 29.2035 28.4337 28.9247 29.0068 28.6793 29.1774 28.8458 28.9297 28.8066 28.8163 28.7161 28.9523 28.8832 28.9354 28.3724 28.7902 28.7769 28.8876 28.5734 28.8128 28.6678 28.9271 29.2317 28.8878 29.0728 28.8492 28.9265 28.9334 29.015 28.9437 28.8441 28.8316 28.974 28.5303 29.2604 28.4004 28.7833 28.6839 29.1173 28.8552 28.9574 28.4498 28.8506 29.0522 28.8265 29.0573 28.8634 28.3711 28.6812 29.2213 28.893 29.2114 28.5216 28.9969 28.8831 29.4058 29.0706 28.7403 28.2138 28.9238 28.7291 28.6625 29.1534 28.7198 28.6026 28.9295 28.7859 28.5283 28.8568 28.9349 28.8863 28.5945 28.9709 29.0347 28.8684 28.7324 28.9441 
28.5568 28.4748 28.9371 29.1576 28.8426 28.7355 28.9191 28.9984 29.0708 28.5874 28.9585 0 29.0116 28.6426 28.6912 29.1808 28.8036 28.8298 28.9511 29.0039 29.1365 28.6288 28.4864 28.85 29.1551 28.8365 29.1071 28.3883 29.1999 28.7645 28.9506 28.9578 28.6696 28.8996 28.7092 28.9072 28.9002 28.729 28.9999 28.7813 28.5716 28.6409 28.7019 28.7616 28.9349 29.3184 28.9502 28.6496 28.846 28.949 29.0549 28.535 28.9552 28.6601 28.9203 28.5999 28.4848 28.8548 28.5874 28.8249 28.8015 28.5614 29.0536 28.9191 28.9458 28.9708 28.8245 28.6701 28.8468 29.1062 28.7051 28.5953 28.9876 29.0181 29.093 28.3757 28.6405 29.043 28.7897 28.7197 28.806 28.8485 28.6184 29.0572 28.331 28.5116 29.197 28.9936 28.4645 28.6923 28.604 28.6673 28.4881 28.4404 28.7671 29.2451 28.6247 28.9739 28.9428 29.0361 
28.6807 28.6848 28.9576 28.7893 28.9917 29.0352 29.2736 28.529 28.7607 28.7954 28.5216 29.0116 0 28.8516 29.2276 29.1006 28.855 29.0955 28.9177 29.177 28.8521 28.8564 28.9003 29.2605 28.6039 28.5347 28.9064 28.5774 29.0034 28.985 28.6142 28.7797 28.8017 28.8361 28.6422 29.1236 29.1041 28.9742 28.9981 28.8742 28.7846 28.4033 28.9951 29.0264 28.7176 28.7443 28.9241 28.5105 28.5116 28.9192 28.718 28.7745 28.819 28.6184 28.9345 29.127 29.0426 29.2047 28.6298 28.353 28.3986 29.0145 28.906 28.9202 28.6011 29.2559 29.4186 29.2192 29.0526 28.9967 28.6781 28.4276 28.7775 29.1848 28.8705 28.5838 28.5123 28.8059 28.7824 28.6459 28.7103 28.8304 29.0137 29.1174 28.7519 28.44 28.6401 28.6168 28.8065 28.789 28.6892 28.8287 28.6391 28.8579 28.4754 29.024 28.8268 29.159 29.0351 29.1156 
28.979 29.4311 29.0719 28.9757 28.8745 28.7044 29.168 28.8612 29.1196 29.2816 28.9732 28.6426 28.8516 0 28.8762 29.1859 28.9052 29.2523 29.0074 28.9913 28.8578 28.8853 28.8409 28.5863 29.119 29.0861 28.8046 28.6643 29.0725 28.9827 28.6614 28.8084 28.8793 28.7894 29.1222 28.6755 28.9943 28.7781 28.7793 28.985 29.042 28.9298 28.7602 29.4856 28.6902 28.989 28.8671 28.8835 29.294 28.7648 28.697 28.8422 28.8919 29.1672 29.1747 28.8185 29.0495 28.8248 28.8903 28.5578 28.7288 28.8174 29.2623 29.006 28.7367 28.6931 29.383 29.0502 29.0211 29.0334 28.8054 29.1242 28.8065 28.8693 29.1854 29.1049 29.0696 28.8358 28.6758 28.9836 29.2176 28.5869 28.9608 28.8804 29.0139 28.855 28.7532 29.2147 28.8728 29.035 28.794 28.5311 29.0095 28.7715 28.8953 28.9028 29.0392 29.1104 29.1569 28.9443 
28.8124 29.2327 28.9221 29.1649 29.1778 29.2412 29.2214 28.8675 29.2255 28.8639 29.0704 28.6912 29.2276 28.8762 0 29.0666 28.8364 29.0678 28.9893 29.1865 29.0705 28.8466 28.6078 28.575 29.0048 29.1103 29.0003 28.5451 29.3193 28.6994 28.9826 29.4776 29.133 28.9893 28.6786 28.6552 28.7197 28.8588 29.0003 28.7766 28.9108 28.8035 28.7597 28.8096 28.887 28.8958 28.9321 28.4125 29.1583 28.9839 28.7687 28.7964 29.4781 28.6379 29.2911 28.7689 28.664 28.7846 28.6284 29.1888 28.8412 28.9488 28.9644 28.9431 28.9025 28.7515 28.7117 29.0533 29.4999 28.7306 28.7624 29.1031 28.8049 28.9864 28.522 28.7581 29.2943 28.9597 28.8646 28.6935 28.8654 28.913 29.2736 28.6924 28.8712 28.8881 28.8451 28.7277 28.6209 28.3273 28.8927 28.8647 29.1038 28.8729 28.8999 28.8799 28.8408 29.1018 29.42 29.0287 
28.6455 29.3381 29.0627 28.8612 28.4299 29.2032 29.3563 29.0307 29.1448 28.878 29.1187 29.1808 29.1006 29.1859 29.0666 0 29.0654 29.227 29.3184 29.0953 28.9928 28.8115 29.1276 28.9994 29.0316 28.9499 29.3892 28.8213 29.2781 29.2167 29.0738 28.8327 29.0041 29.1504 28.9133 29.1757 29.533 29.0394 29.2853 29.1155 29.1895 28.5739 29.0563 29.343 29.5602 29.3071 29.1245 29.0969 28.9101 29.2367 29.0092 29.1066 28.9466 29.1223 29.0365 29.2347 28.9192 29.1738 28.8017 29.2611 28.9641 29.0686 29.1407 28.9946 29.1816 29.2163 29.3666 29.3697 29.4511 28.8212 28.7858 28.9796 29.0089 29.2127 29.0983 28.7387 29.1284 29.1179 29.4264 28.6628 29.1262 29.1986 28.787 28.937 28.9129 28.9828 28.8689 29.0862 28.937 28.9319 29.1802 28.7554 28.7462 29.2407 28.9351 29.1922 29.065 28.609 29.3151 29.2517 
28.7432 28.8167 28.6679 28.9919 28.4006 28.6279 28.9918 28.5737 28.9329 28.7479 29.0717 28.8036 28.855 28.9052 28.8364 29.0654 0 29.2964 29.0715 29.0369 28.8679 28.7054 28.8194 28.7358 29.1714 28.8887 28.8678 28.5936 29.0259 28.3493 28.9284 28.9694 28.9014 28.6506 28.6387 29.0027 28.3407 28.7924 28.8335 28.757 28.8314 29.2014 28.8873 29.0816 29.0959 28.9741 28.2423 28.8904 28.7845 29.0032 29.1494 28.7727 28.7519 28.7712 28.9655 28.8407 28.6819 28.9349 28.308 28.7663 28.4388 28.9562 28.8607 28.9602 28.8351 28.95 28.967 29.4893 29.2332 28.8859 28.7739 28.7823 28.7974 29.1058 28.8271 28.6335 28.7827 29.1583 28.5658 28.5537 29.184 28.542 28.4628 28.5844 28.4053 29.1778 28.6325 28.6025 28.6645 28.7707 28.7723 28.7939 28.7881 28.6444 28.8678 29.0064 28.5467 28.658 29.0025 29.0687 
29.2163 28.9995 29.305 29.0547 29.1702 28.8405 29.0993 29.266 28.996 28.8367 28.8012 28.8298 29.0955 29.2523 29.0678 29.227 29.2964 0 28.9622 29.1017 29.1867 29.1962 29.1682 28.8355 29.1578 29.0582 28.9343 29.0409 29.4475 29.0946 28.6564 29.1336 28.9507 28.8403 29.0549 28.9845 29.1443 29.2151 28.7114 29.0075 28.8743 28.67 28.7306 29.3086 29.3697 28.7871 28.9724 29.1482 29.3385 29.0316 29.1246 29.2501 29.113 28.9875 29.1282 28.8719 29.0206 28.9514 29.105 28.9474 28.9081 29.0194 28.9218 29.1573 28.9595 29.1509 29.082 29.6993 29.0092 28.941 28.4818 29.2255 29.343 29.1491 29.0174 29.3773 28.908 29.1249 29.2608 28.8241 29.1468 29.1328 29.1241 28.9032 28.7978 29.2102 28.9972 28.8652 28.9166 29.1123 29.1566 28.7088 29.0107 29.0354 29.0714 29.2671 29.1523 29.0001 29.4358 29.2371 
29.0027 28.9214 29.0274 29.0179 28.9224 28.6182 29.1882 28.7659 28.9385 28.7247 28.7283 28.9511 28.9177 29.0074 28.9893 29.3184 29.0715 28.9622 0 29.0425 28.9776 28.6095 29.0175 28.9508 28.5265 28.6792 28.723 28.9482 29.2514 28.6136 28.9027 29.1398 29.0405 28.8079 28.7985 28.78 28.8318 28.741 28.8475 28.9449 28.89 28.9056 29.1202 29.0905 29.3162 29.232 29.0145 28.6951 29.2841 29.2028 28.9526 28.6676 28.9583 28.628 29.2805 28.69 28.7608 29.0227 28.5845 28.9042 28.9678 29.2133 28.9139 28.9329 28.5928 28.8481 29.1984 29.1765 29.1192 28.9273 28.5735 28.9205 29.3302 29.0989 29.2022 28.599 28.9438 28.9764 29.031 28.7906 29.3473 28.8162 28.9928 29.1991 28.6573 28.9118 28.9437 28.7826 28.6788 29.0122 28.6567 28.8301 29.1775 28.9795 28.6483 28.7354 29.4938 28.9747 29.3574 29.1784 
28.988 29.0625 29.177 29.2224 28.6415 29.1161 28.8897 28.8358 28.9837 28.8236 29.0069 29.0039 29.177 28.9913 29.1865 29.0953 29.0369 29.1017 29.0425 0 28.8105 28.7037 28.7937 28.8109 28.7168 28.7435 29.0311 29.0366 28.9095 28.9626 28.944 29.0793 29.0838 29.0018 28.9831 28.5903 28.965 28.9421 29.1219 29.0619 28.9742 28.6143 29.0614 28.7244 29.1304 29.0246 29.3526 29.1694 29.0686 28.8819 28.8723 28.7565 28.9753 28.8481 29.0002 28.8656 28.7248 28.9444 28.4765 28.992 28.807 28.977 29.2898 29.2592 29.0325 29.1818 29.064 29.2458 29.2888 28.9633 28.4203 28.7381 29.0849 28.7417 28.8195 28.755 28.6525 28.9123 28.84 28.871 28.8161 28.8998 28.9621 29.1539 28.9521 29.2942 29.1764 29.1224 28.9724 28.8018 29.1998 28.4442 28.5944 28.3841 28.8834 28.5778 28.9129 28.8384 29.2867 29.2213 
29.221 29.2975 28.7129 28.9199 28.6088 29.0005 29.1745 28.8946 28.8395 28.8393 29.0959 29.1365 28.8521 28.8578 29.0705 28.9928 28.8679 29.1867 28.9776 28.8105 0 28.9618 28.8056 28.9748 29.3813 29.0678 28.6961 28.5684 29.2221 28.7334 28.875 29.1648 29.1975 29.007 28.8523 29.1909 28.8395 29.1294 28.5646 28.6918 29.0828 28.9491 29.0426 29.2914 28.7832 29.0203 29.0155 28.6707 28.9919 28.825 28.8789 28.7237 29.2236 28.6434 28.921 28.9395 28.8543 28.8621 28.7777 28.8774 28.5598 28.6153 29.2584 29.2254 28.7141 28.9709 28.726 29.0145 29.6445 29.1673 28.9769 28.3075 29.0851 28.9358 28.7692 28.9848 28.9542 28.8935 28.7561 28.9449 28.8382 28.9717 28.6548 28.5444 28.7433 29.0415 28.7341 28.6926 29.2389 29.4268 29.0932 28.9146 28.7053 28.5762 28.7975 28.9929 28.9606 29.3544 29.1491 29.1484 
28.5368 28.7863 28.5534 28.8379 28.7325 28.4539 28.632 28.8504 28.5968 28.7816 28.8231 28.6288 28.8564 28.8853 28.8466 28.8115 28.7054 29.1962 28.6095 28.7037 28.9618 0 28.6756 28.3276 28.7625 28.8843 28.5222 28.6693 29.2045 28.9434 28.5097 28.7999 29.2349 29.0489 28.6567 28.6695 28.7161 28.6139 28.8936 28.8147 28.722 28.644 28.9056 28.9043 28.883 28.9384 28.7189 28.7557 29.0355 28.85 28.6599 28.4655 29.1659 29.1593 28.9219 29.0541 28.7178 28.7624 28.5252 28.8676 28.5051 28.625 28.6595 28.9191 28.8015 28.9703 28.3776 29.4074 29.1009 28.5612 28.6805 29.3703 29.0711 28.9425 28.8562 28.6486 28.7733 28.8934 28.8559 28.7359 28.8456 28.8306 29.1265 28.9462 28.7938 29.0137 28.5821 28.8796 28.891 29.3865 28.6674 28.8453 28.4962 28.9262 28.7678 29.0031 29.1152 29.0017 29.0473 29.0655 
28.7221 28.8725 28.8794 29.0063 28.8992 28.7438 28.5884 28.6996 29.0231 28.137 28.6193 28.4864 28.9003 28.8409 28.6078 29.1276 28.8194 29.1682 29.0175 28.7937 28.8056 28.6756 0 28.7644 28.6196 28.5231 28.5785 28.7297 29.0325 29.0667 28.8498 28.867 28.5756 28.4341 28.3762 28.908 28.9402 28.5545 28.4647 28.6679 28.8255 28.8778 29.0689 29.2209 28.6767 28.5684 28.7197 28.6241 29.1536 28.8136 28.6348 28.7491 28.4823 28.8541 29.0097 28.6109 29.0338 28.5705 29.0145 28.6935 28.7821 28.9739 28.5907 28.7434 28.6782 28.7271 29.0307 28.8726 28.9744 28.9804 28.4003 28.5573 28.9818 28.9179 28.6937 28.5549 28.4255 28.9952 28.5214 28.764 28.6615 28.7634 29.068 28.6658 28.9811 28.6638 28.879 28.6684 28.5138 28.6941 28.7075 28.7056 28.5948 28.6585 28.5162 28.5456 28.8823 28.3489 28.8305 28.9506 
28.7648 28.823 29.2128 28.8026 28.7406 29.0687 28.9311 29.2032 28.7617 28.7704 29.2035 28.85 29.2605 28.5863 28.575 28.9994 28.7358 28.8355 28.9508 28.8109 28.9748 28.3276 28.7644 0 29.0068 28.7922 28.5801 28.2722 28.8752 28.5441 28.5832 29.0209 28.894 29.1169 28.7305 28.9192 28.7425 28.6967 28.9569 28.6911 28.741 28.7024 29.0475 29.2817 29.1284 29.2213 28.7149 28.3307 28.8318 29.0044 28.8194 28.8929 29.0484 28.687 29.1216 28.872 28.7505 28.9327 28.6273 28.6292 28.7591 28.8183 28.7851 29.1598 28.5134 28.4455 28.9648 28.8484 28.9417 28.7766 28.6039 28.7631 28.7677 29.45 28.7636 28.8353 28.8819 28.642 28.9269 28.8548 28.9174 28.8738 29.0014 28.6867 28.9842 28.5861 29.1901 29.0656 28.665 28.8525 28.5936 28.9124 28.3525 28.928 29.05 28.953 28.4851 29.0954 29.0237 29.1137 
29.1767 29.0338 29.1003 29.0871 28.9588 29.0651 28.8215 29.3414 28.994 28.6352 28.4337 29.1551 28.6039 29.119 29.0048 29.0316 29.1714 29.1578 28.5265 28.7168 29.3813 28.7625 28.6196 29.0068 0 28.328 28.9165 28.9325 29.1745 28.7113 28.6357 28.9565 28.8609 28.8329 28.9149 29.0076 28.6713 28.7963 28.833 29.1382 29.0016 28.9114 29.2129 28.7409 29.0882 28.7521 28.9084 28.844 28.687 28.6888 28.9491 29.2312 29.0613 29.2875 29.0511 28.7739 28.7777 29.1919 28.5677 29.1055 28.8804 28.6752 28.7978 28.9045 28.5516 28.8262 29.1026 28.9379 29.1547 28.6114 28.5898 28.6759 29.1435 29.3868 29.0588 28.4806 28.2249 28.7719 28.9386 28.9129 29.0458 29.0693 29.1422 29.187 28.8112 28.9001 28.4298 28.7301 29.2521 28.9454 28.5228 28.534 28.8942 28.8583 28.6833 28.9269 28.6914 28.7632 29.4236 28.874 
28.6018 28.8724 29.2048 29.1439 28.9487 29.0768 28.9333 29.0967 28.8746 29.012 28.9247 28.8365 28.5347 29.0861 29.1103 28.9499 28.8887 29.0582 28.6792 28.7435 29.0678 28.8843 28.5231 28.7922 28.328 0 28.9198 28.4586 28.8049 28.891 28.7612 29.0742 28.7278 29.0565 28.1512 28.9738 29.0193 28.6542 28.4248 28.6895 28.7335 28.888 28.9971 28.7185 29.0125 28.8464 29.0033 28.9575 29.1543 29.2142 29.0582 29.2152 28.68 28.6974 29.0254 28.9443 28.5016 29.0928 28.627 28.7417 28.688 28.7704 29.1127 28.5183 29.0418 29.3883 29.275 29.5447 28.9718 28.7545 28.7104 28.8152 29.0952 28.6803 28.7884 28.8575 29.1533 29.3632 29.0159 29.1202 28.9327 29.1731 28.86 28.9019 28.8318 28.7065 28.5045 28.9687 28.9455 29.0476 28.7927 28.7568 28.8705 28.6341 29.1336 29.2062 29.2517 29.0287 28.7365 28.8129 
28.9347 29.0643 28.9352 29.1978 28.8205 28.8564 28.7779 29.1863 28.9715 28.8713 29.0068 29.1071 28.9064 28.8046 29.0003 29.3892 28.8678 28.9343 28.723 29.0311 28.6961 28.5222 28.5785 28.5801 28.9165 28.9198 0 28.7917 29.0641 28.9019 28.8403 28.9996 29.1032 28.6769 28.7219 28.5379 28.5486 28.6226 29.0146 28.9285 28.7604 28.6213 28.7415 28.8752 28.6065 28.9195 29.0535 28.8332 28.995 28.7743 29.2456 28.2845 28.849 29.2258 29.1022 28.621 28.7069 28.6599 28.658 28.9196 28.9147 28.5651 29.1376 28.9388 28.5397 28.7695 28.9696 28.7568 29.0379 28.8992 28.6753 29.0579 28.7711 28.5745 29.1349 28.7924 29.1263 28.3177 29.09 28.9713 28.8203 28.2853 29.4233 28.7467 28.9133 29.1366 28.3511 28.8714 28.7537 29.0331 28.6346 28.7219 28.6948 28.5458 29.0377 28.7034 28.8891 29.0851 29.0615 28.8746 
28.4689 28.3772 28.616 28.9495 28.659 28.525 28.8706 28.8718 28.822 28.8381 28.6793 28.3883 28.5774 28.6643 28.5451 28.8213 28.5936 29.0409 28.9482 29.0366 28.5684 28.6693 28.7297 28.2722 28.9325 28.4586 28.7917 0 28.9774 28.5646 28.4465 28.3589 28.7898 28.5461 28.6816 28.6416 28.4106 28.737 28.8239 28.5128 28.7439 28.266 28.9527 28.715 28.8741 29.0294 28.9127 28.2573 28.8429 28.8423 29.0757 28.6547 29.0679 28.417 28.5598 28.9734 28.3858 28.5741 28.3529 28.5235 28.8382 28.7356 28.6824 28.8329 28.7166 28.5227 29.1757 28.8282 28.9282 28.6107 28.4085 28.4895 28.757 29.1044 28.6657 28.2596 28.6886 28.8543 28.6153 28.5162 28.656 28.6079 28.7052 28.6138 28.8016 28.7211 28.8386 28.6832 28.7077 28.8669 28.5251 28.54 28.7254 28.713 28.1711 28.8184 28.4679 29.272 28.5172 29.1458 
29.2765 28.6833 29.1418 29.106 29.3225 28.7946 29.4352 29.0546 29.3802 28.8339 29.1774 29.1999 29.0034 29.0725 29.3193 29.2781 29.0259 29.4475 29.2514 28.9095 29.2221 29.2045 29.0325 28.8752 29.1745 28.8049 29.0641 28.9774 0 29.178 28.8734 29.2683 28.9934 29.0741 29.1081 28.7188 29.1219 29.0154 28.8716 29.3384 29.1364 29.2044 28.8878 28.9054 29.1574 29.551 28.8087 29.0699 29.1232 28.9291 29.0304 29.2187 29.2391 29.189 29.2305 28.7374 28.8632 29.0596 29.306 29.0381 28.8151 28.9767 29.3373 29.6669 29.1093 29.1405 29.1574 29.2325 29.1869 29.637 29.1445 29.4579 29.03 29.1183 29.3496 29.0197 29.1595 28.9697 29.1027 28.8816 29.2573 28.9352 29.2778 29.0046 29.2036 29.1339 28.9718 28.9186 29.0273 28.9723 29.0927 28.5341 29.0136 29.0067 28.8397 29.091 29.3175 29.3331 29.2748 29.3979 
28.8292 28.7694 28.552 28.7955 28.6961 28.6636 29.515 28.5552 28.7847 28.7986 28.8458 28.7645 28.985 28.9827 28.6994 29.2167 28.3493 29.0946 28.6136 28.9626 28.7334 28.9434 29.0667 28.5441 28.7113 28.891 28.9019 28.5646 29.178 0 29.0159 28.8907 28.8441 28.6559 28.5362 28.7978 28.7588 28.6542 28.6418 28.483 28.8858 28.9391 28.6349 28.1041 29.1623 28.9414 28.9409 28.8031 28.9321 28.7193 28.877 28.7758 28.9699 28.6983 28.6077 28.6186 28.6121 29.0286 28.7862 28.6121 28.6712 28.6228 28.8753 29.0128 28.9955 28.5395 29.2479 29.0453 28.8384 28.7061 28.6916 28.7477 28.9784 29.0176 28.6299 28.5909 28.9838 28.8389 29.0659 28.6757 28.8053 28.616 28.497 29.0023 28.7199 28.77 28.57 28.6829 28.9008 28.6443 28.8465 28.6342 28.7923 28.8786 28.7905 28.6602 28.9688 28.6739 28.9305 29.0965 
28.6318 28.7603 28.7199 29.0025 29.0109 29.3412 29.113 29.2021 28.6811 28.3478 28.9297 28.9506 28.6142 28.6614 28.9826 29.0738 28.9284 28.6564 28.9027 28.944 28.875 28.5097 28.8498 28.5832 28.6357 28.7612 28.8403 28.4465 28.8734 29.0159 0 28.7359 28.6832 28.8932 28.976 28.1546 28.9836 28.6702 28.7824 28.9888 28.7037 28.6712 29.2108 28.9059 29.2391 28.8845 28.7833 28.8798 28.4866 28.662 28.6625 28.4861 29.0499 28.6278 28.6209 28.7617 28.5429 29.0434 29.0926 28.3995 28.9696 29.1223 28.8908 28.7548 28.865 28.6752 28.7789 28.9902 28.9709 29.1065 29.059 28.8331 29.2553 29.0984 29.0154 28.7812 28.6074 28.7693 28.869 29.1002 28.9424 28.8158 28.5936 28.7497 28.5173 28.4947 28.7094 29.1683 28.8306 28.9125 28.8542 28.8819 28.7365 28.7136 28.6282 28.7909 29.143 29.1549 29.1176 28.6521 
28.2977 28.7021 28.7983 28.7884 28.6614 28.9423 29.0486 28.5273 29.15 29.0414 28.8066 28.9578 28.7797 28.8084 29.4776 28.8327 28.9694 29.1336 29.1398 29.0793 29.1648 28.7999 28.867 29.0209 28.9565 29.0742 28.9996 28.3589 29.2683 28.8907 28.7359 0 28.9307 28.559 29.1105 29.0041 28.5178 28.6866 28.6593 28.8786 28.9788 29.0426 29.23 28.8359 29.1941 28.7787 29.2879 28.7039 28.8365 28.9791 28.7805 28.7298 29.0387 29.0447 29.1264 28.4846 29.2605 28.8877 28.5054 28.4703 28.9601 28.8056 29.2785 28.7653 29.0418 29.0466 29.244 28.9656 29.1256 28.4536 28.6571 28.8055 28.9964 28.7618 29.165 28.5421 29.0377 29.0558 28.8919 28.8251 28.7994 29.177 28.4972 29.3043 28.6454 29.1415 28.7703 29.0682 28.6109 29.2194 28.7542 28.621 28.6962 28.7656 28.7388 29.3225 28.675 29.1581 29.2096 29.2965 
28.7131 29.0445 28.8571 28.9759 28.8036 28.8208 28.8712 28.9854 28.9289 28.6484 28.8163 28.6696 28.8017 28.8793 29.133 29.0041 28.9014 28.9507 29.0405 29.0838 29.1975 29.2349 28.5756 28.894 28.8609 28.7278 29.1032 28.7898 28.9934 28.8441 28.6832 28.9307 0 29.0654 28.9075 29.0183 29.2769 28.8422 28.8788 28.9082 28.7313 28.6536 29.0632 28.9961 28.853 28.842 28.9056 28.7642 29.2006 29.3766 28.5322 28.6829 29.0886 28.735 28.6485 28.7837 29.0011 28.998 28.8296 28.7664 28.8005 28.9711 29.2036 28.6691 29.1767 28.8133 28.9656 29.2292 28.9244 29.1118 28.6056 28.7116 28.8907 29.0517 28.7705 28.7553 29.6314 28.9324 29.0278 28.7298 28.9204 29.2896 29.1969 28.9362 29.197 28.9014 28.3733 29.1651 28.9048 29.3769 28.7933 29.0334 28.8206 28.6607 28.6196 29.0003 28.9083 29.3266 28.6972 29.1034 
28.7376 28.613 28.7058 28.8923 29.1077 29.1234 28.8344 28.8277 28.8426 28.7393 28.7161 28.8996 28.8361 28.7894 28.9893 29.1504 28.6506 28.8403 28.8079 29.0018 29.007 29.0489 28.4341 29.1169 28.8329 29.0565 28.6769 28.5461 29.0741 28.6559 28.8932 28.559 29.0654 0 28.5297 28.7905 28.773 28.589 28.9043 28.3614 28.74 28.9013 28.7136 28.5267 28.6255 28.6775 28.627 28.7805 29.1289 28.6717 29.0059 28.688 28.2508 28.9863 29.0645 28.7684 28.4886 28.7792 28.6418 28.5957 28.5161 28.6455 29.1558 28.4453 28.8728 29.0723 28.8324 29.1332 29.0946 28.7263 28.6318 28.9369 29.4186 28.7012 28.7006 28.7003 28.7645 28.58 28.8922 28.7533 28.8794 29.0053 28.673 28.6017 28.7334 28.4095 28.665 28.5131 28.6075 28.7834 28.398 28.6021 28.4795 28.8576 28.5817 28.7593 28.7594 28.3926 29.3488 29.0976 
29.0114 28.5676 28.8067 28.7304 28.4943 28.4588 29.232 29.0348 28.7209 28.6427 28.9523 28.7092 28.6422 29.1222 28.6786 28.9133 28.6387 29.0549 28.7985 28.9831 28.8523 28.6567 28.3762 28.7305 28.9149 28.1512 28.7219 28.6816 29.1081 28.5362 28.976 29.1105 28.9075 28.5297 0 29.3186 28.9361 28.6818 28.8254 28.5052 28.992 28.5618 28.6633 28.7846 29.2379 28.6481 28.487 28.6507 29.0864 28.6801 29.2308 29.0245 28.964 28.8059 28.5839 28.5219 28.5405 28.9788 28.3923 28.6741 28.8666 28.7435 28.9745 28.8472 28.9895 28.53 28.8913 29.0847 29.111 28.8844 28.6614 29.2737 28.7075 28.8393 28.7048 28.8386 29.0232 28.7557 28.991 28.764 28.6467 28.9198 28.3696 28.8365 28.8931 28.6379 28.4518 28.6654 28.4997 28.609 28.9271 28.6564 28.7842 28.5686 28.7959 29.1314 28.4161 28.4042 28.4665 28.8264 
28.562 28.5821 28.816 29.4503 28.8113 28.7765 29.248 28.8688 28.7645 28.8585 28.8832 28.9072 29.1236 28.6755 28.6552 29.1757 29.0027 28.9845 28.78 28.5903 29.1909 28.6695 28.908 28.9192 29.0076 28.9738 28.5379 28.6416 28.7188 28.7978 28.1546 29.0041 29.0183 28.7905 29.3186 0 28.7987 29.0627 28.595 28.68 28.8498 29.0691 29.121 29.1571 28.8902 29.1441 28.7502 28.7354 28.7799 28.8924 28.7957 28.6408 29.02 28.8853 28.9708 28.9471 28.9852 28.8702 28.8051 28.5378 29.023 28.8295 29.0465 28.659 29.0522 28.7963 28.9946 28.7586 29.1622 29.0286 28.6623 28.8582 29.1569 29.0337 28.9681 28.5692 29.0786 29.197 28.637 29.2221 29.0989 28.6192 29.4673 28.6368 28.8631 28.5964 28.3224 28.2559 28.7452 28.9502 28.6331 28.6935 28.8491 28.5229 28.7967 29.0578 28.9895 29.1229 29.033 29.1378 
28.9204 29.0156 29.1351 29.1538 29.006 28.9733 29.0112 28.7546 29.1594 29.1356 28.9354 28.9002 29.1041 28.9943 28.7197 29.533 28.3407 29.1443 28.8318 28.965 28.8395 28.7161 28.9402 28.7425 28.6713 29.0193 28.5486 28.4106 29.1219 28.7588 28.9836 28.5178 29.2769 28.773 28.9361 28.7987 0 28.8885 28.7915 28.6143 29.1612 28.8306 28.9177 28.9951 28.9131 29.2652 28.556 28.7904 29.1867 29.0292 29.0106 28.5773 29.0331 29.2119 29.0728 28.9772 28.6627 28.773 28.4496 29.4528 28.8292 29.1463 29.14 29.0754 29.0507 28.9221 29.2402 29.2239 29.1246 28.9109 28.7258 28.3552 28.8679 28.9015 28.7059 28.6047 28.8593 29.0761 28.4219 28.864 29.1381 28.6639 28.9461 28.9179 28.8512 29.1329 28.5395 28.8305 28.8907 29.1285 28.6502 28.5228 28.9213 28.8574 28.6692 28.9361 28.4774 28.9157 29.0635 28.9496 
28.6825 28.7551 28.8495 28.9896 28.8529 29.1106 28.941 29.1023 28.8187 28.6827 28.3724 28.729 28.9742 28.7781 28.8588 29.0394 28.7924 29.2151 28.741 28.9421 29.1294 28.6139 28.5545 28.6967 28.7963 28.6542 28.6226 28.737 29.0154 28.6542 28.6702 28.6866 28.8422 28.589 28.6818 29.0627 28.8885 0 28.831 28.6483 28.9644 29.0432 28.9961 28.7609 29.0659 28.5603 28.7435 28.9456 28.5943 28.7054 28.9002 28.9509 28.4631 29.0088 28.8187 28.7998 28.6271 29.0411 28.5005 28.6817 28.8729 28.7644 28.432 28.8757 28.8357 28.738 29.2023 28.9871 28.9813 28.8829 28.9396 28.5637 28.8267 28.9555 28.9615 28.5315 29.0359 29.1891 29.0829 29.0495 28.8446 28.7522 28.6654 28.8475 28.9426 28.8326 28.8156 28.7042 28.9727 28.8622 28.5331 28.8003 28.7158 28.6605 28.9242 28.8711 29.004 28.8613 28.9189 29.2581 
28.5312 28.4792 28.5495 28.7563 28.8986 28.5834 28.5677 28.7019 28.7686 28.3747 28.7902 28.9999 28.9981 28.7793 29.0003 29.2853 28.8335 28.7114 28.8475 29.1219 28.5646 28.8936 28.4647 28.9569 28.833 28.4248 29.0146 28.8239 28.8716 28.6418 28.7824 28.6593 28.8788 28.9043 28.8254 28.595 28.7915 28.831 0 28.7717 28.9003 28.7141 29.1766 28.7649 28.8563 28.8724 28.6595 28.7476 29.0779 28.4415 28.6607 28.8485 28.5964 28.5993 28.6586 28.8505 28.4463 28.9312 28.5008 28.6868 29.0011 28.3781 28.9307 28.8385 28.5044 28.6195 28.403 28.7296 28.9794 28.8372 28.8506 28.6921 28.7381 28.8029 29.1224 28.5298 28.8807 29.4268 28.5945 29.0012 28.3588 28.6053 28.9694 28.7615 28.5932 28.9667 28.5715 29.0346 28.9537 28.9806 29.0609 28.6907 28.851 28.6081 28.9564 28.6778 29.0913 29.0089 28.7649 28.8736 
28.6259 28.6667 28.5599 28.4794 28.8432 28.3765 28.8907 28.7923 28.8125 28.584 28.7769 28.7813 28.8742 28.985 28.7766 29.1155 28.757 29.0075 28.9449 29.0619 28.6918 28.8147 28.6679 28.6911 29.1382 28.6895 28.9285 28.5128 29.3384 28.483 28.9888 28.8786 28.9082 28.3614 28.5052 28.68 28.6143 28.6483 28.7717 0 28.9932 28.327 28.8116 28.9474 28.8756 28.1914 28.3382 28.5173 28.71 28.9352 29.2994 28.8003 28.4828 28.5224 28.6598 28.3402 28.6846 28.3964 28.6341 28.5002 28.4975 28.7096 28.9572 28.8899 28.78 28.5717 28.7892 29.0038 28.6716 28.5315 28.4894 28.7161 28.8614 28.8493 28.4846 28.4001 28.5698 29.0391 28.6997 28.8175 28.6101 28.4944 28.9086 28.7174 28.5766 28.8846 28.65 28.9074 28.7311 28.7006 28.6514 28.5103 28.6637 28.7631 27.9607 28.7555 28.8534 29.01 28.6413 28.6718 
28.7635 28.5844 29.3853 29.3691 28.9722 28.7954 29.3296 29.273 28.9017 28.9207 28.8876 28.5716 28.7846 29.042 28.9108 29.1895 28.8314 28.8743 28.89 28.9742 29.0828 28.722 28.8255 28.741 29.0016 28.7335 28.7604 28.7439 29.1364 28.8858 28.7037 28.9788 28.7313 28.74 28.992 28.8498 29.1612 28.9644 28.9003 28.9932 0 28.8111 29.0614 28.9092 29.1606 29.1494 28.8811 28.7214 28.9513 28.6763 29.0916 28.6344 28.9167 28.6391 28.9719 28.7691 29.0538 29.2435 28.7484 28.8384 28.9009 28.4207 29.2012 28.9229 28.8051 28.8181 28.9928 28.813 29.4158 29.2638 28.8057 29.0125 28.9755 29.1915 28.8866 28.9284 29.089 28.8512 28.9908 28.8847 28.9711 28.9735 28.9032 28.8282 28.8706 29.1045 28.7894 28.8794 29.0061 29.0377 28.9136 28.8711 28.9405 28.5941 28.6302 28.9901 29.0085 29.0575 29.0857 29.0318 
28.769 28.5946 28.6378 28.9164 28.745 28.7663 28.9693 28.9548 28.7272 28.472 28.5734 28.6409 28.4033 28.9298 28.8035 28.5739 29.2014 28.67 28.9056 28.6143 28.9491 28.644 28.8778 28.7024 28.9114 28.888 28.6213 28.266 29.2044 28.9391 28.6712 29.0426 28.6536 28.9013 28.5618 29.0691 28.8306 29.0432 28.7141 28.327 28.8111 0 28.7034 28.6189 29.038 29.0248 28.7735 28.7764 29.0197 28.6892 28.7302 28.6101 28.906 28.6584 28.8666 28.6644 28.5514 28.553 29.035 29.1803 28.512 28.9146 29.1215 28.5238 28.6322 28.7907 29.0679 29.2148 28.8427 28.8637 29.0206 29.1365 28.944 28.6282 28.7322 28.4738 29.0919 28.6499 28.8315 29.1182 28.6569 28.9363 28.8983 28.8411 28.7376 28.9726 28.9287 28.9603 28.6065 28.8364 28.8715 28.6226 28.5757 29.0506 28.8987 28.718 29.0797 28.7253 29.1793 29.1109 
28.6233 28.9463 29.0234 29.1631 28.7621 29.0482 29.1261 29.152 29.1319 28.8738 28.8128 28.7019 28.9951 28.7602 28.7597 29.0563 28.8873 28.7306 29.1202 29.0614 29.0426 28.9056 29.0689 29.0475 29.2129 28.9971 28.7415 28.9527 28.8878 28.6349 29.2108 29.23 29.0632 28.7136 28.6633 29.121 28.9177 28.9961 29.1766 28.8116 29.0614 28.7034 0 28.8472 29.1222 29.2021 28.6272 28.8757 28.9854 29.0694 29.1255 28.8171 28.8626 29.3807 28.8602 28.9776 28.6946 28.962 28.7258 28.6009 28.8123 28.9479 29.0642 29.0019 29.1811 28.7731 29.0473 29.081 29.0303 28.7638 28.8723 28.9004 28.9396 29.2699 28.6088 29.0655 29.2799 29.3244 28.8146 28.966 28.9685 29.2794 29.1287 28.8491 28.8626 28.9556 28.9816 29.202 28.7745 29.2541 29.1686 28.612 28.8059 29.1866 28.8519 28.8765 29.2203 29.2778 28.9018 29.0043 
28.5641 28.7165 28.4856 28.9658 28.5283 28.9556 28.9534 28.8961 28.874 28.7396 28.6678 28.7616 29.0264 29.4856 28.8096 29.343 29.0816 29.3086 29.0905 28.7244 29.2914 28.9043 29.2209 29.2817 28.7409 28.7185 28.8752 28.715 28.9054 28.1041 28.9059 28.8359 28.9961 28.5267 28.7846 29.1571 28.9951 28.7609 28.7649 28.9474 28.9092 28.6189 28.8472 0 29.3892 29.0506 28.8014 29.2454 28.9052 29.0826 29.1685 29.0587 28.5333 28.8167 29.0139 28.526 28.7971 28.7651 28.8286 28.3305 28.9178 29.1523 28.8856 28.7922 28.5759 29.027 29.0125 28.9403 29.1559 28.7061 28.6311 28.9584 29.2662 28.8219 28.6445 28.4945 28.7235 28.8125 28.9265 28.6796 28.9334 29.1979 28.6815 29.1713 28.6837 28.9112 28.6829 28.9765 28.5612 28.7546 28.8802 28.8109 28.7807 28.4247 28.7913 28.7002 29.5679 29.1474 28.9185 29.225 
29.1363 28.8919 29.2393 29.021 29.2785 28.7831 29.1898 28.7387 29.1761 29.1453 28.9271 28.9349 28.7176 28.6902 28.887 29.5602 29.0959 29.3697 29.3162 29.1304 28.7832 28.883 28.6767 29.1284 29.0882 29.0125 28.6065 28.8741 29.1574 29.1623 29.2391 29.1941 28.853 28.6255 29.2379 28.8902 28.9131 29.0659 28.8563 28.8756 29.1606 29.038 29.1222 29.3892 0 28.9865 28.7129 28.9026 29.2826 28.8534 29.1105 29.2823 29.1388 28.9036 28.8696 28.6513 28.9279 28.8311 28.5393 29.0306 28.7286 28.8763 29.2387 29.2831 28.9118 29.1924 29.0754 29.213 29.0116 29.2092 29.2996 29.0133 29.4005 28.9395 28.8078 29.0507 29.3191 28.9711 28.8662 29.1693 29.166 29.2144 29.1776 28.5475 28.7062 29.0175 28.7982 29.1162 28.3725 28.9933 29.0171 28.8811 29.0909 28.509 29.0168 29.4691 28.9403 28.9264 29.1735 29.2593 
28.7778 28.5587 28.9033 29.2277 29.0687 28.5526 28.9705 28.9604 28.6183 28.7235 29.2317 29.3184 28.7443 28.989 28.8958 29.3071 28.9741 28.7871 29.232 29.0246 29.0203 28.9384 28.5684 29.2213 28.7521 28.8464 28.9195 29.0294 29.551 28.9414 28.8845 28.7787 28.842 28.6775 28.6481 29.1441 29.2652 28.5603 28.8724 28.1914 29.1494 29.0248 29.2021 29.0506 28.9865 0 29.1423 28.7357 28.9893 28.5477 28.6809 28.8273 28.8203 28.8755 29.2014 28.5903 29.1116 29.0801 28.5368 28.7304 28.7904 29.1213 29.1921 28.9652 28.8497 28.643 28.9469 28.7871 28.6385 28.9026 28.3926 28.9992 28.7381 28.9821 28.6147 28.9858 28.755 28.8736 29.3432 28.698 28.8535 28.8338 28.758 28.9338 28.8767 29.0877 28.7354 29.14 29.0064 29.2658 28.9598 29.0142 28.6144 28.8937 28.8428 28.6157 28.6294 28.9249 28.7968 29.0425 
28.7399 28.9233 28.9998 28.7147 28.8676 28.4477 29.0121 28.7937 29.0493 28.9395 28.8878 28.9502 28.9241 28.8671 28.9321 29.1245 28.2423 28.9724 29.0145 29.3526 29.0155 28.7189 28.7197 28.7149 28.9084 29.0033 29.0535 28.9127 28.8087 28.9409 28.7833 29.2879 28.9056 28.627 28.487 28.7502 28.556 28.7435 28.6595 28.3382 28.8811 28.7735 28.6272 28.8014 28.7129 29.1423 0 28.5394 28.6226 28.9702 28.7695 28.447 29.0679 29.1723 28.8317 28.7662 28.9378 29.0089 28.2154 28.5104 28.8572 28.5534 28.598 28.8783 28.9229 28.814 29.3275 29.0463 28.8605 29.062 28.486 28.6112 28.858 28.8809 29.1962 28.6155 29.0766 28.9664 28.6045 28.6825 28.688 28.9436 28.9638 28.9789 28.967 28.6564 28.8019 28.4842 28.8581 28.9365 28.926 28.727 28.8662 28.531 28.7302 28.8054 29.0402 29.0483 28.8422 29.0713 
28.749 28.7759 29.148 29.1578 28.6574 28.8735 29.0367 28.8618 28.8452 29.106 29.0728 28.6496 28.5105 28.8835 28.4125 29.0969 28.8904 29.1482 28.6951 29.1694 28.6707 28.7557 28.6241 28.3307 28.844 28.9575 28.8332 28.2573 29.0699 28.8031 28.8798 28.7039 28.7642 28.7805 28.6507 28.7354 28.7904 28.9456 28.7476 28.5173 28.7214 28.7764 28.8757 29.2454 28.9026 28.7357 28.5394 0 28.7566 29.3066 28.7127 28.3296 29.1085 28.8486 28.6834 28.7543 28.9324 29.1381 28.9409 28.7219 28.5645 29.2614 28.846 29.179 28.4309 28.4707 28.9968 29.0182 29.1436 29.1138 28.5162 28.5536 28.7632 29.1125 29.184 28.5619 28.8165 29.0443 29.0998 29.0145 28.9666 28.5968 28.867 28.7212 28.5449 28.9439 28.8055 29.0806 29.0488 29.1043 28.9273 28.9578 28.7843 28.4384 28.6893 29.0421 28.8891 28.8296 29.3222 29.3143 
28.5163 28.8917 28.6556 29.2512 29.0416 29.0456 29.0873 29.2699 28.8795 28.7644 28.8492 28.846 28.5116 29.294 29.1583 28.9101 28.7845 29.3385 29.2841 29.0686 28.9919 29.0355 29.1536 28.8318 28.687 29.1543 28.995 28.8429 29.1232 28.9321 28.4866 28.8365 29.2006 29.1289 29.0864 28.7799 29.1867 28.5943 29.0779 28.71 28.9513 29.0197 28.9854 28.9052 29.2826 28.9893 28.6226 28.7566 0 28.6742 28.7271 28.6146 28.8426 28.9407 29.0952 28.5527 28.8136 28.9274 28.741 28.7472 28.8547 28.9777 29.0205 28.6417 28.8274 29.0944 28.9096 29.0311 29.377 28.9781 28.9859 28.8745 28.8127 29.2043 28.7723 28.7101 28.7741 28.9323 28.8774 29.306 29.1381 28.6691 28.6204 29.0814 28.6851 28.5936 28.8219 29.028 28.8327 28.9467 29.0484 28.7137 29.1608 28.65 28.7809 28.5884 28.6887 29.1483 28.9024 29.0506 
28.8172 28.7659 28.635 28.895 28.8126 28.9166 28.4743 29.0866 29.0505 29.0162 28.9265 28.949 28.9192 28.7648 28.9839 29.2367 29.0032 29.0316 29.2028 28.8819 28.825 28.85 28.8136 29.0044 28.6888 29.2142 28.7743 28.8423 28.9291 28.7193 28.662 28.9791 29.3766 28.6717 28.6801 28.8924 29.0292 28.7054 28.4415 28.9352 28.6763 28.6892 29.0694 29.0826 28.8534 28.5477 28.9702 29.3066 28.6742 0 29.0188 28.467 29.2059 28.7586 29.0094 28.9233 28.5862 29.0166 28.9079 28.4838 28.7814 28.7076 29.2027 28.8762 28.8085 28.6963 29.1283 28.6789 28.9388 28.9931 28.7596 28.7729 28.876 28.8861 28.9514 28.8815 28.8445 29.0316 28.8644 29.2147 28.8179 28.8837 28.5329 28.682 28.6702 28.8889 28.8563 29.188 28.8001 28.9101 28.6312 28.8505 29.0388 28.789 28.5737 28.8964 29.2631 29.0896 29.5277 28.7284 
