0 8.75814 9.77469 9.20817 9.24272 9.11525 9.2293 8.84807 8.63615 8.91485 9.15562 9.34353 9.64039 9.02685 9.06121 9.23464 9.20687 9.28857 9.35177 8.99338 9.15199 9.62051 8.83554 9.11143 8.92136 8.90009 9.2826 9.05867 9.02618 9.49967 9.1443 9.11373 9.24225 9.65181 9.18142 9.18328 9.03302 9.13896 8.68787 9.20477 9.40719 8.93944 9.20403 9.37995 9.05882 9.37974 9.02154 9.21056 9.35955 8.91227 9.34893 9.39804 8.93728 9.0307 8.9318 8.90696 8.99895 9.42017 8.88289 9.23868 9.05132 9.409 9.20317 8.75239 8.90661 9.35568 9.14293 9.04105 9.21539 9.24948 9.14602 9.50384 9.18007 9.24802 9.25623 8.9208 9.40496 9.24255 9.28042 8.93485 9.25915 9.34941 9.1555 9.40886 9.06866 9.21429 9.01443 8.89735 9.11333 9.02848 9.32008 9.0203 9.12874 9.16305 8.82023 9.20632 9.13596 9.36342 8.96801 9.35024 
8.75814 0 9.32457 8.95079 9.32698 8.85123 9.16277 8.55207 9.49643 8.8768 8.70959 8.81952 9.03915 8.81274 8.5263 8.99789 9.23184 8.8249 8.96101 8.83585 9.34893 9.25812 9.06097 9.14642 9.27072 9.0812 8.75136 8.92443 8.96635 9.29929 8.97064 9.16503 8.71315 9.16536 8.91072 9.19497 9.03444 8.89199 8.2615 8.89001 9.14334 8.68131 9.15429 9.48824 9.23676 9.18906 8.90868 9.35979 8.95539 8.89706 9.39321 8.95742 8.76456 9.2772 9.12895 8.70984 9.58036 8.98161 8.90415 9.32771 8.86796 9.09856 8.82959 9.25533 9.07785 9.0126 8.9425 9.08197 9.096 9.18389 9.28584 8.87727 8.91546 9.22257 9.04329 8.78611 9.1886 9.05538 8.83734 9.073 8.92309 8.98201 9.0726 9.00879 9.15155 8.76176 8.99978 9.20133 8.77503 8.99756 9.30233 8.90349 9.10427 9.09669 9.12227 9.14482 8.96776 8.56337 9.30892 8.82892 
9.77469 9.32457 0 9.43633 9.31584 9.54615 9.47333 9.25721 9.55722 9.9045 9.52667 9.73495 9.33195 9.4898 9.4294 9.09937 9.09858 9.52295 9.22801 9.41736 9.23194 9.65082 9.26298 9.53077 9.27605 9.34534 9.50618 9.72183 9.64974 9.72343 9.3808 9.58217 9.53687 9.34344 9.09466 9.54323 9.32792 9.41248 9.17346 9.68073 9.64724 9.14011 8.93151 9.52461 9.59026 9.40875 9.19763 9.45611 9.51239 9.19414 9.30146 9.56821 8.89029 9.13331 9.25056 9.18302 8.80516 9.43361 9.57325 9.41379 9.6921 9.457 9.09523 9.35479 9.38216 9.34439 9.72631 9.66936 8.82419 9.14149 9.21499 9.32196 9.6326 9.39396 9.26064 9.06977 9.28012 9.8204 9.36785 9.69837 9.13878 9.48148 9.27923 9.73643 9.23623 9.25008 9.4819 9.58817 9.36173 9.1463 9.46337 9.2643 9.66421 9.08074 9.03331 9.30781 8.79642 9.06149 8.97044 9.05231 
9.20817 8.95079 9.43633 0 9.16485 9.25572 9.24881 8.73046 9.18733 8.77276 9.3265 9.40778 8.88229 8.99341 8.85046 9.4604 9.2461 8.96307 9.22582 8.99701 9.08243 8.83033 8.89904 8.9799 8.74014 9.11133 8.91188 9.38006 9.02144 9.63485 9.31666 8.9866 8.78012 8.70884 8.76778 9.32986 8.7769 8.66028 9.15575 8.91096 9.23512 9.09058 8.94776 8.60244 9.05101 8.5802 8.73227 8.93136 9.18788 8.97686 8.81548 8.66956 8.58339 9.19231 9.26707 8.86309 8.98196 8.87642 8.85315 8.64099 8.89767 8.93372 8.95297 9.38236 8.85588 9.30326 8.95325 9.37858 8.71484 9.17298 9.12349 8.95727 9.06229 8.88638 9.03261 9.03018 9.0245 8.81474 9.22209 8.74927 8.8287 9.23184 9.08679 9.23572 9.01738 9.01178 8.71586 8.86472 9.10797 8.93658 9.28995 9.05571 9.32209 9.12288 9.0058 9.47422 9.0773 9.12253 8.47874 8.54931 
9.24272 9.32698 9.31584 9.16485 0 9.39652 9.38214 9.07565 8.7661 9.04368 8.72956 9.43407 9.56812 9.5673 9.06316 9.2261 9.24266 8.99122 9.22749 9.16032 9.15111 9.42312 9.11951 9.35729 9.37549 9.2709 9.59664 9.37019 9.34821 9.61015 9.3656 9.36899 9.20975 9.14158 9.21773 9.63175 9.05946 9.42912 9.01767 9.40292 9.32468 9.21449 9.17482 8.97682 9.3592 8.78789 9.30317 9.23523 9.01529 9.22079 9.12379 8.96209 9.25135 9.41914 9.51453 9.28304 9.22931 9.01774 9.33802 9.05472 9.1812 9.26454 9.01542 9.1593 9.17519 9.04937 9.51508 9.87585 9.07188 9.5411 9.18198 9.34908 9.11842 9.55529 8.96034 9.21664 9.32908 9.57211 9.5263 9.20141 9.16299 8.83275 9.42954 9.42383 9.32043 9.97115 9.13965 9.15223 9.06649 9.35806 9.5405 9.46716 9.68012 9.37189 9.21396 9.63086 9.35027 9.4273 9.53548 9.03168 
9.11525 8.85123 9.54615 9.25572 9.39652 0 8.88605 8.72128 8.97251 9.06936 8.63157 8.94516 9.10227 9.00321 9.20843 8.89742 8.82249 8.96766 9.50595 9.12467 9.32447 9.04406 8.81951 9.34371 9.33817 8.87925 9.23104 8.60782 9.00887 8.85902 9.17516 8.5711 9.11115 8.73841 8.97516 8.68495 8.60395 9.03846 8.69227 8.92664 9.27852 8.75397 9.19707 9.45818 9.23594 8.80979 8.95332 8.99548 8.93201 8.97368 9.00424 8.78495 9.04212 8.95987 8.64276 8.88842 8.84549 9.51551 9.153 9.1318 8.92228 8.92333 8.79196 8.8769 9.02782 9.24797 9.17527 8.98079 9.15894 9.24387 8.82213 9.45418 9.39134 9.32564 8.92325 9.23091 8.96901 9.12336 9.18509 8.99828 9.24484 9.1713 9.0451 8.97627 9.18702 9.30317 9.17484 8.86508 8.79538 8.65099 9.01918 9.00337 9.18694 9.36221 9.26237 9.12577 9.12906 8.64606 8.98792 8.9868 
9.2293 9.16277 9.47333 9.24881 9.38214 8.88605 0 9.12123 9.08713 9.16271 9.2479 9.31859 9.06056 9.55098 9.19394 9.02928 8.90704 9.07548 9.29037 9.30347 9.18051 9.52616 9.08043 8.83287 9.16564 9.58324 9.30907 8.68988 8.91507 8.94515 9.25057 8.82359 9.35966 9.47559 9.05966 9.58019 8.85495 8.87403 9.36293 9.12319 9.31287 8.5648 9.278 9.27998 9.13087 9.01664 9.02804 8.77639 9.52273 8.97223 9.01499 9.07332 8.64966 9.47262 8.7348 8.88962 9.0679 8.90076 8.70958 9.3511 8.79401 9.51399 8.90503 8.68792 9.50553 9.13305 9.41566 9.08526 9.01086 9.40533 8.83355 9.13908 9.07845 9.33787 9.16866 9.22531 8.8335 9.06181 9.18063 9.40669 8.81593 8.89746 8.8165 9.3038 9.16769 9.29387 8.94722 9.0671 9.19429 9.22411 9.17822 9.10196 8.97101 9.35796 9.07941 9.11784 9.06653 9.47338 9.0943 9.04165 
8.84807 8.55207 9.25721 8.73046 9.07565 8.72128 9.12123 0 8.88092 8.80818 9.4497 8.82783 9.29431 9.0398 8.81464 8.89727 9.04339 9.03767 9.164 9.01202 8.82735 9.17631 9.29464 9.2807 9.02872 9.01898 9.31903 9.08931 8.73849 9.08856 8.90879 8.87905 9.01257 8.95996 9.0391 9.13244 8.79491 9.09021 8.79069 8.94189 9.14831 8.46699 8.88162 9.19775 8.34438 9.10575 9.05846 9.15079 9.53558 8.74086 9.10723 8.65887 9.04404 9.26589 8.83919 8.80151 9.20029 9.17059 9.03818 9.2711 8.95386 9.40743 8.7308 8.89046 9.20723 8.75673 8.73984 9.32424 8.56831 9.14228 9.18186 9.17535 8.81592 9.0836 8.81018 8.78118 9.21084 8.79776 9.21467 8.67643 8.98939 9.06495 9.18993 9.16876 9.01993 9.38074 8.94987 8.66262 8.55475 8.76932 9.40037 8.66047 9.19674 8.76396 8.90888 9.27548 9.06662 9.08787 9.20242 8.5084 
8.63615 9.49643 9.55722 9.18733 8.7661 8.97251 9.08713 8.88092 0 9.0776 9.15977 8.91749 9.09095 9.52019 9.20751 9.216 9.25884 9.13844 8.68242 9.16708 9.06631 9.2339 8.90607 9.05961 9.24916 9.26406 9.04907 8.78282 8.99634 9.21733 9.21322 8.79759 8.49776 9.27096 9.15152 9.01333 9.22595 9.05439 8.69987 8.93703 9.00155 8.76269 9.02925 9.04552 9.22407 8.74578 9.11502 9.1895 9.42383 9.27607 8.76611 8.97311 8.83557 9.27572 8.91011 8.97538 8.82251 9.25629 8.59028 9.21747 9.3245 9.29763 9.10123 8.90556 9.2619 8.94868 9.13912 9.56029 9.31489 9.13827 9.05217 9.10431 9.24314 9.32412 9.3947 9.22597 9.24542 9.32589 9.09021 9.12914 9.21664 9.16109 9.44646 8.47434 9.06434 9.37435 9.46793 8.99638 8.65382 8.83998 9.25234 8.80322 9.4371 8.85805 9.18073 9.01249 9.2201 9.27476 9.04895 9.10871 
8.91485 8.8768 9.9045 8.77276 9.04368 9.06936 9.16271 8.80818 9.0776 0 9.27281 9.21654 9.13636 9.43237 8.86282 9.15255 9.16032 9.02289 8.76097 8.99607 8.69421 9.05892 9.07619 9.12773 8.55958 9.22805 9.56273 8.87432 9.07501 9.0899 9.06951 8.68236 9.25078 9.22817 9.1468 9.26859 8.80585 9.01948 8.81635 9.22752 9.2999 8.94475 8.77003 8.96867 8.89542 8.51561 9.57098 9.23523 9.08344 8.77712 8.91947 9.21558 9.20773 9.07919 9.39221 8.9913 8.74292 8.95227 9.07612 9.17322 9.03971 9.26008 9.22311 9.16928 9.16941 9.20475 9.0308 9.18471 9.28177 8.89167 9.12717 9.07387 8.95125 9.01386 8.96472 8.46229 9.21521 9.22413 9.3853 9.25899 8.94447 8.85978 8.83778 8.90127 9.06009 9.11704 9.42654 9.17177 9.20154 8.93716 9.20397 9.15133 9.31204 8.9909 9.02861 8.90662 8.52545 9.019 8.88243 8.76551 
9.15562 8.70959 9.52667 9.3265 8.72956 8.63157 9.2479 9.4497 9.15977 9.27281 0 8.94644 9.5259 9.4179 9.19725 8.88988 9.1536 8.53283 8.79735 9.02481 9.35306 9.15253 9.02016 9.26752 9.24945 8.97795 9.44503 8.70057 9.18996 8.91471 9.58428 9.23588 9.36643 9.08868 9.00833 9.47948 9.04352 9.41329 8.81836 9.02117 9.1941 9.07059 8.87786 9.11477 9.62415 9.24809 9.44281 9.44737 8.80002 9.09089 8.99855 8.89343 8.75765 9.06877 9.02897 8.95046 9.30635 9.24646 9.22334 9.06208 9.6711 9.01806 8.95718 9.29169 9.13257 9.14046 9.05602 9.23872 9.07273 9.33221 9.0968 9.22047 9.34053 9.35813 9.21073 9.5253 9.19121 9.33565 9.05055 9.11382 9.04562 8.66215 9.22557 9.10003 9.43064 8.80904 9.39324 9.11795 9.0361 9.23961 9.19923 9.1659 9.32535 9.26416 9.27287 9.03809 9.2092 9.07865 9.31941 9.12323 
9.34353 8.81952 9.73495 9.40778 9.43407 8.94516 9.31859 8.82783 8.91749 9.21654 8.94644 0 8.89299 9.18858 9.2476 8.76682 9.25793 9.07097 8.96259 9.21712 9.30581 9.13164 9.17082 8.82407 9.14313 8.98097 9.49222 9.10019 9.09168 8.85926 8.75118 9.4593 9.2623 9.13191 8.90559 9.12287 8.8228 9.33103 8.72858 9.18026 8.91017 8.67504 8.7626 8.9639 8.99404 9.2422 8.98745 9.51669 9.11139 9.4643 9.11676 8.82263 8.79613 9.20826 8.86401 9.1001 9.46561 9.1513 9.09217 9.19701 8.82428 9.34087 8.76698 9.2776 9.29839 9.33092 8.78034 9.56654 8.99923 8.93295 9.15864 9.17135 9.30909 9.57807 8.7046 9.26244 8.91152 9.16981 9.19367 8.91537 8.73072 9.11574 9.1652 8.87395 8.84531 9.29852 9.0721 8.82576 8.89405 9.56515 9.21183 9.31924 9.12725 9.32835 9.4304 9.32402 9.22039 9.28633 9.32105 9.27561 
9.64039 9.03915 9.33195 8.88229 9.56812 9.10227 9.06056 9.29431 9.09095 9.13636 9.5259 8.89299 0 9.12697 9.20954 8.90915 9.36357 9.07055 9.27078 9.50088 9.51513 9.53368 9.33014 9.01317 8.96088 9.12864 9.5982 9.2012 9.1515 9.1756 9.24642 9.00099 9.23774 9.13791 9.24183 9.21201 9.21477 9.25804 8.95698 8.9616 9.36256 9.12246 9.12777 9.65818 9.25371 9.15555 9.05874 9.14123 9.02615 9.03301 9.35037 8.79406 9.15011 9.20301 9.00186 9.03297 9.07221 9.1872 9.15146 9.07484 9.11075 8.9235 9.06429 9.23277 9.67828 9.05943 9.16777 9.34778 8.7029 9.42183 9.18893 9.1754 9.16814 9.1117 9.32176 9.18639 9.31098 9.4227 9.24977 8.9311 9.0443 9.30583 8.82761 9.5372 9.02219 9.19133 9.15226 9.32995 9.22517 9.22652 9.48986 8.78504 9.60185 8.94364 9.26667 9.22093 9.2272 9.19318 9.31306 9.13175 
9.02685 8.81274 9.4898 8.99341 9.5673 9.00321 9.55098 9.0398 9.52019 9.43237 9.4179 9.18858 9.12697 0 9.15314 9.12185 9.49063 9.4258 9.62233 9.21034 9.55309 9.35385 9.46993 9.28592 8.92139 9.20173 9.09947 9.11676 9.0001 9.54099 9.19038 9.53028 9.03461 9.43809 9.22513 9.41017 9.34321 9.55675 8.82821 9.11541 9.31786 8.60625 9.36081 9.64582 9.25697 9.33577 9.1338 9.25599 9.2327 9.49941 9.30142 9.22376 9.27898 9.19267 8.99981 8.7133 9.28198 9.13953 9.44314 9.30434 9.4396 9.45243 8.70473 9.30778 9.37655 9.39539 9.35953 9.0639 8.89858 9.05656 8.86454 9.23902 9.59222 9.1463 9.34943 9.11563 9.25171 9.4362 9.3739 9.45242 8.96655 9.15694 9.08219 9.07105 9.58039 8.95314 9.54741 9.26771 9.36227 9.18952 9.52254 8.86668 9.34476 9.38529 8.99607 9.40232 9.25911 9.16267 9.17626 8.97086 
9.06121 8.5263 9.4294 8.85046 9.06316 9.20843 9.19394 8.81464 9.20751 8.86282 9.19725 9.2476 9.20954 9.15314 0 9.01779 9.13342 9.1077 9.06042 8.88985 9.32899 9.07613 9.10772 9.17964 8.75441 8.6461 8.98984 9.25621 9.01004 9.01153 9.33125 9.18308 8.71408 8.94674 9.0621 9.23594 9.20639 9.07127 8.64484 8.89414 9.32914 8.81509 8.99012 9.15134 9.08267 8.85257 9.03625 8.71617 9.25394 9.28438 8.97435 8.95946 8.49663 9.51706 9.00414 8.92122 8.7741 9.17923 8.92433 9.11486 8.90956 8.93556 8.76069 9.12012 9.10068 8.74615 8.79916 9.32978 8.79798 9.08825 9.04813 9.39956 9.33111 9.41425 9.09117 8.94741 8.81443 9.33687 9.13128 9.02823 9.22547 8.7568 9.37326 9.09039 9.16138 9.28396 9.06037 8.78532 8.6496 8.83282 9.52948 9.25561 8.7912 8.82391 8.9246 9.46272 8.87209 8.94282 8.65937 9.38581 
9.23464 8.99789 9.09937 9.4604 9.2261 8.89742 9.02928 8.89727 9.216 9.15255 8.88988 8.76682 8.90915 9.12185 9.01779 0 9.08916 9.0926 8.9449 8.97238 9.04403 9.35855 8.83201 9.12348 8.99059 9.21175 9.31628 8.64615 8.88744 8.84979 8.75112 9.33968 9.1398 9.10014 8.84777 9.09114 8.94765 8.9296 9.02283 9.27695 9.00623 8.77289 8.89786 9.05836 9.12677 9.21078 8.65693 8.87588 9.13502 9.17699 8.94894 8.81154 9.10746 9.08816 8.8781 9.08486 9.14088 9.12884 9.07676 9.01404 9.4268 8.8201 8.05839 9.35853 9.06139 8.73536 9.19161 9.07352 8.97142 8.91919 9.26004 9.10573 9.11241 9.30999 8.65936 9.11622 8.91097 9.01982 9.35349 9.32775 9.09826 8.77808 9.2916 9.2805 8.65763 9.07068 9.12937 8.77213 9.11358 9.15763 9.14162 8.87118 9.16921 9.13845 8.79202 9.24228 9.04653 9.17316 8.7763 8.81623 
9.20687 9.23184 9.09858 9.2461 9.24266 8.82249 8.90704 9.04339 9.25884 9.16032 9.1536 9.25793 9.36357 9.49063 9.13342 9.08916 0 8.95521 9.11445 9.2914 8.96899 9.25938 9.53882 9.05093 9.3578 9.23026 9.42965 8.73627 9.02436 8.86718 9.34116 9.31838 9.13784 9.0872 9.12052 9.53072 8.64395 9.25894 8.68163 8.93717 9.0321 8.95328 8.77946 9.4321 9.32638 8.85414 8.83995 9.10415 9.18624 8.9204 9.20381 9.19581 8.9279 9.3616 8.94621 9.11032 9.08889 9.37428 9.01507 9.0605 9.05434 9.32851 9.27634 8.478 9.34996 9.34271 9.42126 8.95027 8.77229 8.98575 9.09221 9.21963 8.96918 9.50201 9.27924 9.17675 9.30134 9.21641 9.11971 8.70149 9.39102 9.14024 9.11755 9.036 9.51088 8.97738 8.75531 9.05509 9.28865 9.28812 8.87626 9.41476 9.14497 9.46224 8.91905 8.87682 9.26139 9.22707 8.70026 9.00988 
9.28857 8.8249 9.52295 8.96307 8.99122 8.96766 9.07548 9.03767 9.13844 9.02289 8.53283 9.07097 9.07055 9.4258 9.1077 9.0926 8.95521 0 8.96161 8.84525 9.1637 9.28564 9.05088 8.77397 8.70591 9.23383 9.20199 8.71186 8.70121 9.0837 9.53686 9.14465 9.21843 8.81069 8.67451 9.20956 8.79414 9.07152 8.62576 9.40234 9.2833 9.25682 9.38256 8.8274 8.84639 8.50772 8.9599 8.61475 8.74359 8.84355 9.06468 9.06903 8.89539 9.35816 9.21581 8.84389 9.19434 9.1449 8.91498 8.86201 9.13995 8.62214 9.35192 8.92061 8.74943 8.99725 9.53125 9.14027 8.99772 8.87666 9.00281 9.39521 9.36844 9.32545 9.05942 9.11846 9.42245 9.13364 9.06535 8.81388 8.25921 9.12838 9.17216 8.72096 9.49597 9.21835 9.23744 9.28005 8.99896 9.43433 8.68408 9.05276 9.28769 8.93967 9.41193 9.20591 8.94693 9.07183 9.23752 8.72819 
9.35177 8.96101 9.22801 9.22582 9.22749 9.50595 9.29037 9.164 8.68242 8.76097 8.79735 8.96259 9.27078 9.62233 9.06042 8.9449 9.11445 8.96161 0 9.22344 9.62333 9.10313 9.06784 8.6854 9.03524 8.8995 8.99815 8.86341 8.91735 8.95148 9.27243 8.93373 9.15269 8.80888 9.13184 9.52174 9.27007 8.98737 8.81907 9.08986 8.55768 8.91416 8.81039 8.94047 9.30151 8.76322 9.31747 9.0335 8.99813 9.37459 8.82047 9.45594 8.86552 9.24531 9.06131 8.97168 9.21723 9.15042 9.18953 9.05138 9.33537 8.9332 9.01049 9.35872 8.87306 9.01733 9.48802 8.96666 9.07953 9.07473 9.39825 9.04781 8.97391 9.14933 9.16606 9.086 9.07613 9.24513 9.00959 9.01994 9.26164 8.43462 8.81858 9.14399 9.00674 8.94679 8.9631 9.14831 8.80456 9.10484 9.09833 8.75977 9.2182 9.18931 9.34447 9.14642 9.23969 9.27168 9.15581 9.21237 
8.99338 8.83585 9.41736 8.99701 9.16032 9.12467 9.30347 9.01202 9.16708 8.99607 9.02481 9.21712 9.50088 9.21034 8.88985 8.97238 9.2914 8.84525 9.22344 0 9.19975 9.12109 8.92685 9.26268 9.32914 9.10606 9.13128 8.70586 9.21433 9.16527 9.33294 9.38814 9.30933 9.14291 9.02144 9.08375 8.57019 9.24854 8.92566 9.3148 8.91523 8.81902 8.91339 9.17465 9.12172 9.22114 9.11298 8.97469 9.60371 8.96025 9.16114 8.77014 8.61466 9.4392 8.97775 9.0232 9.11808 9.01381 9.18776 8.9966 9.14779 9.30643 9.19346 9.33659 9.08798 9.16985 9.04998 9.38661 9.03063 9.06606 9.08611 8.77929 9.39068 8.98912 8.90062 9.06429 8.98436 8.95546 9.42865 9.12985 9.39105 8.94489 8.62026 8.95303 9.53437 8.95331 9.35812 9.08938 9.18771 8.75973 9.15739 9.29024 9.13754 9.45601 9.06992 9.33582 9.06007 9.47931 9.15041 8.80719 
9.15199 9.34893 9.23194 9.08243 9.15111 9.32447 9.18051 8.82735 9.06631 8.69421 9.35306 9.30581 9.51513 9.55309 9.32899 9.04403 8.96899 9.1637 9.62333 9.19975 0 9.34041 9.19438 9.1529 9.57107 9.30047 9.71992 9.09551 8.95314 9.34756 9.05208 9.29364 9.11117 9.31232 9.42729 9.05818 9.0292 8.83141 9.00124 8.99151 9.67454 9.22635 8.94334 9.40246 9.29873 9.074 9.05625 9.32767 9.56099 8.98866 9.18532 9.03854 9.01068 9.07844 9.19741 8.85598 9.11848 9.19382 9.55012 9.5329 9.21041 9.32089 9.06605 9.26223 9.35601 8.87069 9.64832 8.98017 9.23147 8.629 9.09565 9.06402 9.08108 9.01345 9.26073 8.97319 9.11521 9.04194 9.36472 9.07893 9.37247 9.00049 9.53342 9.17401 8.92459 9.20641 9.22216 9.15331 8.93724 9.20325 9.46016 9.32653 9.08265 8.70445 8.87613 9.00445 8.95834 9.43455 8.97787 9.01616 
9.62051 9.25812 9.65082 8.83033 9.42312 9.04406 9.52616 9.17631 9.2339 9.05892 9.15253 9.13164 9.53368 9.35385 9.07613 9.35855 9.25938 9.28564 9.10313 9.12109 9.34041 0 9.33943 9.32583 8.84317 9.37006 9.28918 9.24397 9.39228 9.37098 9.20583 9.36014 9.38197 9.29509 9.188 9.14533 9.00822 9.13372 9.37773 8.86135 9.27487 8.8135 9.21224 8.9424 9.6227 9.1318 9.4171 9.30716 9.5341 9.2314 9.22743 9.17887 9.17736 9.44027 8.90286 9.09583 9.12653 9.68853 9.27521 9.17046 8.97519 9.55499 9.45192 9.21997 9.38055 9.15175 9.15239 9.23471 8.9683 9.13723 9.12598 9.2245 9.40403 8.9988 8.97452 9.20576 8.73712 9.55848 9.36241 9.2584 9.35346 8.98718 9.22004 9.25323 9.22865 9.18114 9.64195 9.27321 9.2916 9.36012 9.21413 9.30498 9.06404 9.29168 9.4721 9.20335 9.45654 9.38638 9.08235 9.29293 
8.83554 9.06097 9.26298 8.89904 9.11951 8.81951 9.08043 9.29464 8.90607 9.07619 9.02016 9.17082 9.33014 9.46993 9.10772 8.83201 9.53882 9.05088 9.06784 8.92685 9.19438 9.33943 0 9.34211 9.00805 9.17558 9.33623 8.69795 9.26687 8.97153 8.51125 8.9534 9.11397 9.0007 8.88641 9.00033 9.05307 8.77524 8.6136 9.14657 8.99221 8.97431 9.24109 8.45271 9.37863 8.85427 9.53827 9.29194 9.13537 8.86215 8.94449 8.73531 8.84729 9.32854 8.96294 8.73021 9.23365 9.01723 9.18861 9.07034 9.32008 8.87259 8.70871 9.25489 8.6592 9.22878 9.3464 9.71298 9.03916 9.08931 9.06121 8.8969 9.07975 8.91059 9.03727 9.1919 9.33588 9.31336 8.96326 9.11025 9.02933 9.08868 9.24108 8.99824 9.03422 9.30696 8.78566 9.08563 9.11016 9.26004 9.33626 9.19479 9.20914 9.56718 8.79771 9.0879 9.01613 8.84377 9.005 8.93508 
9.11143 9.14642 9.53077 8.9799 9.35729 9.34371 8.83287 9.2807 9.05961 9.12773 9.26752 8.82407 9.01317 9.28592 9.17964 9.12348 9.05093 8.77397 8.6854 9.26268 9.1529 9.32583 9.34211 0 8.98798 9.20704 8.67232 8.89643 9.00447 8.93515 9.27791 8.94566 9.11404 8.86791 9.065 9.30439 9.27651 9.07055 9.1718 9.13551 8.94709 8.96622 8.95314 9.40744 8.80652 9.10481 8.97318 9.00328 9.11221 8.83955 9.02539 9.24367 8.52747 9.41124 9.1822 8.63268 9.05085 9.0915 9.03423 8.81984 9.22878 9.29502 9.50216 9.14255 9.00672 9.12071 9.1484 9.10961 9.1653 9.0619 8.50329 9.10999 9.16333 9.2674 8.71007 9.30234 9.03282 9.02492 9.04639 9.17803 9.04022 9.09923 8.82239 9.15293 9.35222 8.96389 9.26652 9.2789 9.26997 9.01491 9.29949 9.17401 8.8543 9.2075 9.05945 9.18804 9.24424 9.24687 9.43152 9.13913 
8.92136 9.27072 9.27605 8.74014 9.37549 9.33817 9.16564 9.02872 9.24916 8.55958 9.24945 9.14313 8.96088 8.92139 8.75441 8.99059 9.3578 8.70591 9.03524 9.32914 9.57107 8.84317 9.00805 8.98798 0 9.30799 9.31699 8.95567 8.89567 9.03956 8.96358 9.18011 9.02096 8.91214 9.19398 9.20955 8.88417 9.37676 8.96655 8.89766 9.08384 9.1184 9.10871 9.21661 8.75454 9.2746 9.64508 9.33979 9.1515 9.00738 8.77871 9.06254 9.01471 9.2072 9.07981 8.9581 9.02904 9.10036 9.08118 8.91681 9.33916 9.24838 9.1422 9.13097 9.3883 9.14926 9.17284 9.44576 9.17962 9.34918 9.0742 9.2031 8.89976 9.0128 9.36895 9.07655 9.26786 9.51831 9.15866 9.14064 8.69972 9.31164 9.23433 8.85332 9.20656 9.00109 9.48815 8.97763 9.26964 9.15537 9.62475 9.01929 9.09357 9.5365 8.59155 9.30641 9.17314 9.19837 9.05511 8.77214 
8.90009 9.0812 9.34534 9.11133 9.2709 8.87925 9.58324 9.01898 9.26406 9.22805 8.97795 8.98097 9.12864 9.20173 8.6461 9.21175 9.23026 9.23383 8.8995 9.10606 9.30047 9.37006 9.17558 9.20704 9.30799 0 9.15436 9.12126 8.85401 9.07243 9.08885 9.1996 9.30709 8.91395 9.05493 9.06877 8.89523 8.94701 8.69435 8.96984 9.20971 8.80987 9.24087 9.5042 9.03192 9.33862 9.42952 9.06202 9.42391 9.25553 8.9271 8.82679 9.18378 9.13975 9.04946 8.49653 9.03011 9.25585 9.05157 9.01363 9.10876 8.81289 9.06792 9.13023 9.04715 9.10739 9.07991 9.15407 8.44911 8.84578 8.99019 9.17224 9.43305 9.51468 8.9704 8.92015 8.93311 9.3383 9.11381 9.25078 9.06303 8.94452 9.34171 9.07449 9.1688 9.07682 9.00207 9.20913 9.09597 9.11417 9.31914 8.97651 9.15852 9.12678 8.87755 9.52979 8.87113 9.07126 9.37674 8.9292 
9.2826 8.75136 9.50618 8.91188 9.59664 9.23104 9.30907 9.31903 9.04907 9.56273 9.44503 9.49222 9.5982 9.09947 8.98984 9.31628 9.42965 9.20199 8.99815 9.13128 9.71992 9.28918 9.33623 8.67232 9.31699 9.15436 0 8.9306 9.19186 9.46626 9.38364 9.31724 8.97018 8.96171 8.79972 9.44704 8.60991 9.1581 9.09855 8.93522 9.21753 8.93334 9.41263 9.44764 9.2495 9.16993 9.47974 9.28758 8.91651 9.54524 9.18094 9.316 8.83077 9.53099 9.14002 8.92388 9.23958 9.59819 8.78434 8.90078 9.43446 9.17297 8.98713 9.1488 9.10516 9.24069 9.284 9.65429 9.26493 9.21115 8.95051 9.25844 9.20979 9.14734 9.68029 9.44301 8.99078 9.45616 9.10469 9.22245 9.10878 9.15955 9.02861 9.26178 9.28582 8.90874 9.46431 9.30318 9.12776 9.41987 9.49956 8.91836 9.3932 9.43525 8.92093 9.89223 9.11034 9.1876 9.10031 8.58547 
9.05867 8.92443 9.72183 9.38006 9.37019 8.60782 8.68988 9.08931 8.78282 8.87432 8.70057 9.10019 9.2012 9.11676 9.25621 8.64615 8.73627 8.71186 8.86341 8.70586 9.09551 9.24397 8.69795 8.89643 8.95567 9.12126 8.9306 0 8.76665 8.74667 8.93123 8.95637 8.72393 9.02703 8.69092 8.71449 8.55889 8.83017 8.57053 8.47804 8.93934 8.98702 9.25738 9.13496 8.94976 8.62933 9.00897 8.80914 8.89433 8.652 8.75373 8.67634 8.85154 9.01348 8.94371 8.65667 8.83539 8.90648 8.83838 8.61927 8.88235 9.22305 8.32309 9.01433 8.92019 9.11626 8.87632 8.63031 8.89269 8.55677 8.8202 8.79481 9.1415 8.93809 9.00485 9.07023 8.45156 8.89921 8.73194 9.07135 8.59604 8.70859 9.16526 8.90136 9.26842 8.44119 9.17124 8.63553 9.05852 8.68362 8.66205 8.55328 9.20569 9.16367 8.817 8.9987 8.97386 8.88474 9.10903 8.86972 
9.02618 8.96635 9.64974 9.02144 9.34821 9.00887 8.91507 8.73849 8.99634 9.07501 9.18996 9.09168 9.1515 9.0001 9.01004 8.88744 9.02436 8.70121 8.91735 9.21433 8.95314 9.39228 9.26687 9.00447 8.89567 8.85401 9.19186 8.76665 0 9.22565 9.20474 9.23085 8.83113 9.13037 9.10853 9.29822 8.96009 9.03156 8.79737 8.90077 8.771 8.71761 8.89176 9.20651 8.83647 8.96539 8.94543 8.91146 9.19994 9.01606 8.90157 8.9214 8.91001 9.3717 8.71631 8.4248 9.03927 9.2749 8.83917 8.85152 9.26108 9.43165 9.1081 9.19145 9.01458 8.78726 9.20704 8.99007 8.73786 8.93031 9.30053 9.11875 9.1639 9.2661 9.05094 8.94376 9.23279 9.00788 8.69175 9.00796 8.9993 9.16495 8.86729 8.52494 9.35792 8.93563 9.16597 9.11863 8.90656 9.2533 9.30766 8.62846 8.66671 9.34277 8.7266 8.82413 8.68131 9.32389 9.20267 8.92161 
9.49967 9.29929 9.72343 9.63485 9.61015 8.85902 8.94515 9.08856 9.21733 9.0899 8.91471 8.85926 9.1756 9.54099 9.01153 8.84979 8.86718 9.0837 8.95148 9.16527 9.34756 9.37098 8.97153 8.93515 9.03956 9.07243 9.46626 8.74667 9.22565 0 9.42309 8.66263 9.23718 8.64645 9.32821 8.94415 9.1941 8.99461 9.23572 9.18138 8.92386 9.28864 9.34405 9.45788 8.64277 8.8764 9.10707 9.08678 8.89596 9.26178 9.10322 9.20824 9.05145 9.2373 9.21808 9.10005 8.98112 9.11427 8.87038 8.76066 9.05613 9.19652 8.99977 9.25999 9.21896 9.1765 9.22115 9.10414 9.21402 8.8473 9.02691 8.9453 9.33661 9.40725 9.19055 9.15377 9.21716 8.88148 9.00885 9.03023 9.07408 9.25832 8.87124 9.07176 8.93049 9.09903 8.9398 8.94741 9.0862 9.14331 9.62919 9.25839 9.24442 9.34146 9.24244 9.22499 9.6195 8.87564 9.02666 9.35553 
9.1443 8.97064 9.3808 9.31666 9.3656 9.17516 9.25057 8.90879 9.21322 9.06951 9.58428 8.75118 9.24642 9.19038 9.33125 8.75112 9.34116 9.53686 9.27243 9.33294 9.05208 9.20583 8.51125 9.27791 8.96358 9.08885 9.38364 8.93123 9.20474 9.42309 0 8.87689 9.12598 8.97448 9.17576 9.35596 8.86182 9.38399 8.9788 9.16293 9.25863 8.76197 8.99927 8.91311 9.13924 8.92533 9.2026 9.50278 9.31828 9.04449 9.2013 8.9762 9.07629 9.36634 9.12332 8.82867 9.18072 9.67005 9.31394 9.2424 9.87993 9.5413 9.02947 9.13679 9.21573 9.02245 9.54737 9.48214 8.91608 8.87667 9.13595 9.47893 9.27491 8.93612 8.6938 9.08835 9.26603 9.20004 9.26231 9.47931 8.75516 9.32146 9.34459 9.42214 9.1907 9.15714 9.38295 8.93324 8.9712 9.09979 9.07169 9.27675 9.33627 9.14344 9.44527 9.34164 9.11 9.31984 9.4715 9.23954 
9.11373 9.16503 9.58217 8.9866 9.36899 8.5711 8.82359 8.87905 8.79759 8.68236 9.23588 9.4593 9.00099 9.53028 9.18308 9.33968 9.31838 9.14465 8.93373 9.38814 9.29364 9.36014 8.9534 8.94566 9.18011 9.1996 9.31724 8.95637 9.23085 8.66263 8.87689 0 9.16898 9.05874 8.83967 8.89056 9.3799 9.19358 8.95945 8.97206 9.33424 8.69441 9.20411 9.35378 8.5633 8.91712 9.49013 9.13864 9.41724 9.33156 8.88848 9.23864 8.73447 9.09473 8.84985 8.81921 8.95091 9.15482 8.84063 9.12662 9.33615 9.24346 9.16447 8.94745 9.14964 8.65568 9.28934 9.46701 8.83404 9.30558 8.61701 9.63977 8.89819 9.29791 8.82314 8.9871 8.78779 8.94592 9.07112 9.13868 9.09166 8.93133 9.41666 9.55699 9.04669 9.16017 9.12202 9.12533 8.99628 8.77553 9.32422 8.87736 9.14114 9.65619 9.42941 8.75026 9.28687 8.89115 9.16969 9.10737 
9.24225 8.71315 9.53687 8.78012 9.20975 9.11115 9.35966 9.01257 8.49776 9.25078 9.36643 9.2623 9.23774 9.03461 8.71408 9.1398 9.13784 9.21843 9.15269 9.30933 9.11117 9.38197 9.11397 9.11404 9.02096 9.30709 8.97018 8.72393 8.83113 9.23718 9.12598 9.16898 0 8.90332 8.83363 9.32172 9.02161 9.08911 8.57808 9.09691 9.0748 8.98078 9.42726 9.26434 9.44283 8.76204 8.96632 8.47251 9.43545 9.08749 9.17497 8.75931 8.85739 9.08412 9.12644 9.10746 9.19896 9.53274 9.06982 8.94547 9.02008 9.29534 8.98908 9.02516 9.17975 9.06672 8.83235 9.34524 9.18562 9.09018 9.38871 9.05187 8.9336 9.16758 9.41739 8.75049 9.25404 8.85978 8.94289 9.09905 9.21662 9.14316 9.13654 9.05049 9.20348 9.49256 9.3448 9.02531 8.90225 9.076 9.2846 8.7505 9.32965 9.02349 8.82276 9.35908 8.92424 9.17314 8.94542 9.28524 
9.65181 9.16536 9.34344 8.70884 9.14158 8.73841 9.47559 8.95996 9.27096 9.22817 9.08868 9.13191 9.13791 9.43809 8.94674 9.10014 9.0872 8.81069 8.80888 9.14291 9.31232 9.29509 9.0007 8.86791 8.91214 8.91395 8.96171 9.02703 9.13037 8.64645 8.97448 9.05874 8.90332 0 9.10764 9.04156 8.64706 9.3554 9.09527 9.15358 8.89115 9.05121 9.02023 9.20759 9.13689 9.4851 9.00666 9.305 9.36489 9.5798 9.1536 9.12715 8.84542 9.50246 9.65881 8.77015 9.00405 9.12741 8.79516 8.38037 9.30615 9.18699 9.18542 9.27342 9.19346 9.19415 9.11378 9.14295 9.03086 8.86903 9.16909 9.03804 9.38235 8.99047 8.99022 9.31523 8.93262 9.32159 9.15735 9.01619 9.01285 9.17831 9.10148 9.03177 8.89027 9.03082 9.08817 9.11669 8.91749 8.99568 9.49301 9.39406 9.04353 9.11712 9.16151 9.54329 9.08322 8.90825 9.34508 9.08227 
9.18142 8.91072 9.09466 8.76778 9.21773 8.97516 9.05966 9.0391 9.15152 9.1468 9.00833 8.90559 9.24183 9.22513 9.0621 8.84777 9.12052 8.67451 9.13184 9.02144 9.42729 9.188 8.88641 9.065 9.19398 9.05493 8.79972 8.69092 9.10853 9.32821 9.17576 8.83967 8.83363 9.10764 0 9.32406 8.90563 9.13654 8.84556 9.00617 9.27607 8.64947 8.78396 8.91089 9.11022 8.8975 8.99065 8.99484 9.17273 9.20011 8.96319 8.79256 8.94631 9.18193 9.0613 9.17386 9.12917 8.9976 9.03587 9.02712 8.98413 8.88694 9.02319 8.97832 9.21787 9.20561 9.04533 9.21721 8.83924 9.3085 9.11664 8.86424 8.86506 9.42432 9.20086 8.94196 9.03543 9.01176 9.05716 8.70266 8.55638 8.96557 9.16238 9.64944 9.43142 9.06045 8.99904 9.01357 8.9067 8.68654 9.19666 8.8017 9.14966 9.274 9.33599 9.26385 9.1084 8.84944 8.87492 8.4571 
9.18328 9.19497 9.54323 9.32986 9.63175 8.68495 9.58019 9.13244 9.01333 9.26859 9.47948 9.12287 9.21201 9.41017 9.23594 9.09114 9.53072 9.20956 9.52174 9.08375 9.05818 9.14533 9.00033 9.30439 9.20955 9.06877 9.44704 8.71449 9.29822 8.94415 9.35596 8.89056 9.32172 9.04156 9.32406 0 9.33713 9.10793 9.28833 9.02483 9.18275 9.15612 9.61114 9.56689 9.55011 9.40581 9.11927 9.29453 9.19775 9.15416 8.9664 8.99772 8.9433 9.30427 8.68597 8.78709 9.28245 9.28256 9.1747 9.19205 9.28827 9.42048 8.98404 8.95654 9.31277 9.06147 9.51117 9.09627 9.1935 9.05201 8.75806 8.70459 9.4081 9.21149 8.96318 9.07563 8.86448 9.33642 9.20126 9.30678 8.9631 9.46393 9.60806 8.97253 9.12742 9.29085 9.46594 9.35425 9.21678 9.16832 9.46134 9.31854 9.18582 9.39619 9.30775 9.66123 9.27896 8.90132 9.34428 9.18124 
9.03302 9.03444 9.32792 8.7769 9.05946 8.60395 8.85495 8.79491 9.22595 8.80585 9.04352 8.8228 9.21477 9.34321 9.20639 8.94765 8.64395 8.79414 9.27007 8.57019 9.0292 9.00822 9.05307 9.27651 8.88417 8.89523 8.60991 8.55889 8.96009 9.1941 8.86182 9.3799 9.02161 8.64706 8.90563 9.33713 0 9.26975 8.8846 8.91393 9.19312 8.82312 9.2251 9.17459 9.26979 8.95679 8.82525 8.92325 9.16463 9.17082 9.01855 8.5658 8.77499 9.1582 9.00482 8.87962 9.01813 9.16323 8.93002 9.07659 9.07341 9.15024 8.69799 8.67996 9.16905 8.91825 8.87541 9.15686 8.84063 8.90396 8.74741 9.32036 8.86979 9.17497 9.21419 9.24714 8.95171 9.23752 9.04929 9.10225 8.68005 9.15115 9.148 9.1499 9.36686 8.96859 9.21501 8.98676 8.97104 9.508 9.09653 9.00787 9.09976 9.31319 9.07218 9.34462 8.67316 9.10168 9.38024 9.05914 
9.13896 8.89199 9.41248 8.66028 9.42912 9.03846 8.87403 9.09021 9.05439 9.01948 9.41329 9.33103 9.25804 9.55675 9.07127 8.9296 9.25894 9.07152 8.98737 9.24854 8.83141 9.13372 8.77524 9.07055 9.37676 8.94701 9.1581 8.83017 9.03156 8.99461 9.38399 9.19358 9.08911 9.3554 9.13654 9.10793 9.26975 0 8.83189 9.48726 9.19044 8.5696 9.48094 9.23878 9.23061 8.59567 9.30573 8.92907 9.07157 9.11663 9.35953 8.53743 8.95939 9.01576 8.96398 8.84925 8.9025 9.12013 8.97008 9.14661 9.42774 9.09183 8.92721 9.06791 9.26726 9.09801 9.13283 9.34419 9.02762 9.13302 9.12131 9.28381 8.83796 9.07432 9.21479 9.17322 9.335 9.19158 9.42739 8.90747 9.10812 9.36792 9.57971 9.13625 9.62859 8.7716 8.7975 9.19254 9.38026 9.17817 9.27305 9.15286 8.95577 9.14576 9.35175 9.32691 8.60065 9.072 9.34187 9.12492 
8.68787 8.2615 9.17346 9.15575 9.01767 8.69227 9.36293 8.79069 8.69987 8.81635 8.81836 8.72858 8.95698 8.82821 8.64484 9.02283 8.68163 8.62576 8.81907 8.92566 9.00124 9.37773 8.6136 9.1718 8.96655 8.69435 9.09855 8.57053 8.79737 9.23572 8.9788 8.95945 8.57808 9.09527 8.84556 9.28833 8.8846 8.83189 0 9.02208 8.84438 8.82898 8.95666 9.3869 9.19215 9.11196 9.15097 8.93273 8.78719 8.83426 8.82984 8.8329 8.97877 9.05526 9.25414 8.32056 8.94687 9.05119 8.71458 8.96909 8.73427 8.97033 8.71529 8.70083 8.47376 8.93305 8.84639 8.68291 8.83381 8.4477 8.77335 8.96802 9.202 9.19288 8.81078 8.93286 9.15468 8.67597 8.8948 8.80191 9.10665 8.73671 9.28851 8.61815 8.86978 8.80158 9.01994 8.99389 9.0915 8.52885 8.99908 8.53931 8.96018 9.42082 8.91912 8.93068 8.32863 8.78627 8.90195 8.40477 
9.20477 8.89001 9.68073 8.91096 9.40292 8.92664 9.12319 8.94189 8.93703 9.22752 9.02117 9.18026 8.9616 9.11541 8.89414 9.27695 8.93717 9.40234 9.08986 9.3148 8.99151 8.86135 9.14657 9.13551 8.89766 8.96984 8.93522 8.47804 8.90077 9.18138 9.16293 8.97206 9.09691 9.15358 9.00617 9.02483 8.91393 9.48726 9.02208 0 9.17248 8.96521 8.97927 9.24547 9.16422 8.62589 9.20956 9.26665 9.34719 9.22176 9.3005 9.20163 8.84619 9.21208 8.87998 8.89142 9.3141 9.43405 8.66735 8.91595 9.35049 9.07911 8.36049 9.02367 9.11628 9.11643 8.78694 8.95161 8.98364 8.90026 9.07255 9.11956 8.88767 9.19831 9.30417 9.33568 9.03557 9.17846 9.094 9.02074 9.09136 8.98472 9.06869 9.19306 9.35001 9.19679 9.36076 8.88832 8.60103 9.20985 9.65407 9.13898 9.26378 9.3049 9.20196 9.03668 9.00107 9.34232 8.93609 9.09251 
9.40719 9.14334 9.64724 9.23512 9.32468 9.27852 9.31287 9.14831 9.00155 9.2999 9.1941 8.91017 9.36256 9.31786 9.32914 9.00623 9.0321 9.2833 8.55768 8.91523 9.67454 9.27487 8.99221 8.94709 9.08384 9.20971 9.21753 8.93934 8.771 8.92386 9.25863 9.33424 9.0748 8.89115 9.27607 9.18275 9.19312 9.19044 8.84438 9.17248 0 9.11294 9.22842 9.19124 9.05575 9.02905 9.15215 9.19783 9.31701 8.94416 9.108 8.98872 9.2605 9.47695 8.99669 8.77637 8.74085 8.83381 9.02259 9.1139 9.19597 9.42243 9.08139 9.19334 8.95047 9.11773 9.11744 9.29848 8.96474 8.93052 8.96628 8.85035 9.18167 9.45972 9.21808 9.19964 9.25902 9.54646 9.34046 8.96665 9.13518 9.20421 9.17797 9.23163 9.07745 8.84176 9.4162 9.04416 9.12348 8.86104 9.10243 9.2518 8.80019 9.35498 9.14644 8.69891 9.14163 9.07951 9.49532 9.35673 
8.93944 8.68131 9.14011 9.09058 9.21449 8.75397 8.5648 8.46699 8.76269 8.94475 9.07059 8.67504 9.12246 8.60625 8.81509 8.77289 8.95328 9.25682 8.91416 8.81902 9.22635 8.8135 8.97431 8.96622 9.1184 8.80987 8.93334 8.98702 8.71761 9.28864 8.76197 8.69441 8.98078 9.05121 8.64947 9.15612 8.82312 8.5696 8.82898 8.96521 9.11294 0 8.80645 9.11196 8.89852 8.68778 8.45921 8.96095 9.18702 9.19958 8.93532 8.55382 8.78247 8.86698 8.43127 8.57577 8.83846 8.79927 9.02043 8.82143 9.02521 8.8828 8.57245 8.79699 9.14987 8.99291 8.92088 8.99215 8.57362 9.29747 8.80681 8.78385 9.05691 8.98864 9.0406 8.95566 8.71649 8.76789 8.9626 8.74405 8.12719 8.91189 8.82684 9.17743 8.82379 8.64312 9.19365 8.74994 8.80845 8.94115 8.49082 8.93871 8.74323 9.18044 9.00607 8.97622 8.84879 9.09428 9.15669 8.81919 
9.20403 9.15429 8.93151 8.94776 9.17482 9.19707 9.278 8.88162 9.02925 8.77003 8.87786 8.7626 9.12777 9.36081 8.99012 8.89786 8.77946 9.38256 8.81039 8.91339 8.94334 9.21224 9.24109 8.95314 9.10871 9.24087 9.41263 9.25738 8.89176 9.34405 8.99927 9.20411 9.42726 9.02023 8.78396 9.61114 9.2251 9.48094 8.95666 8.97927 9.22842 8.80645 0 8.77922 8.92486 9.13694 9.17071 9.73453 9.41611 9.07399 8.98354 9.31201 8.7998 9.48578 9.02383 8.8093 8.97357 9.24231 9.06883 8.7904 9.41344 9.37837 9.04808 9.48561 9.25305 8.94333 9.07411 9.2128 9.02875 9.17134 8.94423 8.85767 9.21892 9.56329 8.78644 8.91049 9.01181 9.12931 9.29276 8.84817 8.96463 8.84391 8.70555 9.24004 9.06411 8.99761 8.91395 8.84654 9.25657 8.9915 9.16618 9.22608 8.72175 8.83387 8.85273 9.23592 9.07926 9.10235 8.86068 9.27627 
9.37995 9.48824 9.52461 8.60244 8.97682 9.45818 9.27998 9.19775 9.04552 8.96867 9.11477 8.9639 9.65818 9.64582 9.15134 9.05836 9.4321 8.8274 8.94047 9.17465 9.40246 8.9424 8.45271 9.40744 9.21661 9.5042 9.44764 9.13496 9.20651 9.45788 8.91311 9.35378 9.26434 9.20759 8.91089 9.56689 9.17459 9.23878 9.3869 9.24547 9.19124 9.11196 8.77922 0 9.55068 9.28749 9.25985 9.32438 9.66007 9.13416 9.10573 8.75635 9.11777 9.72726 9.04305 9.39766 9.01344 9.57422 9.29256 8.75778 9.8966 9.24174 9.2037 9.40937 9.36565 8.94387 9.40395 9.4964 9.10971 9.52586 9.4255 9.23739 8.91879 9.17294 8.73468 9.51172 9.65827 9.13249 9.01823 8.77625 8.9856 8.82689 9.04338 9.55712 9.16094 9.36192 9.13506 9.11148 8.97558 9.07971 9.24246 9.20055 9.39716 9.17851 9.33388 9.26789 8.91909 9.43472 9.4722 9.22168 
9.05882 9.23676 9.59026 9.05101 9.3592 9.23594 9.13087 8.34438 9.22407 8.89542 9.62415 8.99404 9.25371 9.25697 9.08267 9.12677 9.32638 8.84639 9.30151 9.12172 9.29873 9.6227 9.37863 8.80652 8.75454 9.03192 9.2495 8.94976 8.83647 8.64277 9.13924 8.5633 9.44283 9.13689 9.11022 9.55011 9.26979 9.23061 9.19215 9.16422 9.05575 8.89852 8.92486 9.55068 0 8.78796 9.48531 9.51333 9.0119 8.98831 9.43615 9.01105 8.93346 9.34295 8.81025 8.81599 8.98795 9.03381 8.85002 9.09903 9.02186 8.84534 8.94785 9.22343 9.1568 9.14662 9.07743 9.61792 8.90885 9.4766 9.54609 9.25295 9.34989 9.3962 8.73602 8.96453 9.19101 8.97691 9.34009 8.92853 8.75558 9.09181 8.93862 9.08323 9.54587 9.11315 9.09721 8.87766 8.71521 8.93108 9.39777 8.80081 9.35126 9.11471 9.18331 9.07267 9.09795 9.4175 9.00942 8.95286 
9.37974 9.18906 9.40875 8.5802 8.78789 8.80979 9.01664 9.10575 8.74578 8.51561 9.24809 9.2422 9.15555 9.33577 8.85257 9.21078 8.85414 8.50772 8.76322 9.22114 9.074 9.1318 8.85427 9.10481 9.2746 9.33862 9.16993 8.62933 8.96539 8.8764 8.92533 8.91712 8.76204 9.4851 8.8975 9.40581 8.95679 8.59567 9.11196 8.62589 9.02905 8.68778 9.13694 9.28749 8.78796 0 9.10949 8.91086 8.90239 9.31275 9.06429 9.05007 8.53129 8.84542 9.06639 8.73268 9.03771 9.20921 9.11694 8.97231 9.00731 8.94527 9.04313 8.9653 8.97993 9.10001 9.30528 9.18027 8.77942 9.0439 9.44044 9.12976 8.80925 9.08768 9.01647 9.35429 9.2651 8.81517 8.86041 9.0967 9.09966 8.7321 8.97196 9.38024 9.49228 9.47979 8.80497 8.74196 9.01429 8.91341 9.15711 9.19219 9.40243 9.03178 9.14445 9.30533 9.04437 9.14005 9.3276 9.03336 
9.02154 8.90868 9.19763 8.73227 9.30317 8.95332 9.02804 9.05846 9.11502 9.57098 9.44281 8.98745 9.05874 9.1338 9.03625 8.65693 8.83995 8.9599 9.31747 9.11298 9.05625 9.4171 9.53827 8.97318 9.64508 9.42952 9.47974 9.00897 8.94543 9.10707 9.2026 9.49013 8.96632 9.00666 8.99065 9.11927 8.82525 9.30573 9.15097 9.20956 9.15215 8.45921 9.17071 9.25985 9.48531 9.10949 0 9.06017 9.75143 9.26463 9.34531 9.20494 9.05882 9.33672 9.04304 9.04261 9.36599 9.2577 9.1664 8.9722 9.02797 9.14051 9.18952 9.07672 9.159 9.25466 9.0933 9.25956 8.70919 9.16244 8.92086 9.00267 9.01471 9.36259 9.06489 9.06981 9.28977 8.78555 9.52062 8.79601 8.93896 9.32542 9.15557 9.66375 9.08348 9.33483 9.36551 9.20303 8.53668 9.46491 9.00335 9.10306 9.21822 9.30277 8.9367 9.26981 9.00446 8.74511 9.0114 9.33505 
9.21056 9.35979 9.45611 8.93136 9.23523 8.99548 8.77639 9.15079 9.1895 9.23523 9.44737 9.51669 9.14123 9.25599 8.71617 8.87588 9.10415 8.61475 9.0335 8.97469 9.32767 9.30716 9.29194 9.00328 9.33979 9.06202 9.28758 8.80914 8.91146 9.08678 9.50278 9.13864 8.47251 9.305 8.99484 9.29453 8.92325 8.92907 8.93273 9.26665 9.19783 8.96095 9.73453 9.32438 9.51333 8.91086 9.06017 0 9.33029 8.98211 8.77663 9.01924 8.98845 9.33843 9.08171 8.9254 9.0546 9.35915 9.05866 9.33024 9.07811 9.09578 8.88183 9.00246 9.28175 9.05474 9.50321 8.94733 8.88303 8.57987 8.98161 9.29053 9.56408 9.23734 9.45266 9.29408 9.03599 9.01293 8.91617 9.12339 9.01851 9.15187 9.07611 9.05213 9.37032 9.26233 9.13087 9.30814 9.1071 9.04928 9.03848 8.82552 8.90517 9.30121 9.21509 9.25819 9.08249 9.2158 9.37818 9.09457 
9.35955 8.95539 9.51239 9.18788 9.01529 8.93201 9.52273 9.53558 9.42383 9.08344 8.80002 9.11139 9.02615 9.2327 9.25394 9.13502 9.18624 8.74359 8.99813 9.60371 9.56099 9.5341 9.13537 9.11221 9.1515 9.42391 8.91651 8.89433 9.19994 8.89596 9.31828 9.41724 9.43545 9.36489 9.17273 9.19775 9.16463 9.07157 8.78719 9.34719 9.31701 9.18702 9.41611 9.66007 9.0119 8.90239 9.75143 9.33029 0 9.51726 8.76013 9.28887 9.33099 9.08353 9.09272 9.1626 9.23974 9.27939 9.24019 9.09719 9.31529 9.32325 8.97957 9.37381 8.78814 9.01479 9.5108 8.90988 8.94849 9.6349 8.97874 9.19106 9.20265 8.8922 9.12733 9.38999 9.3054 9.35771 9.03116 8.84848 8.74702 9.33852 9.1531 9.39239 9.62511 9.17146 9.27285 9.01491 9.2108 8.83895 9.11095 8.81572 9.22898 8.88382 8.93722 9.16918 9.21208 9.27458 9.05485 9.3801 
8.91227 8.89706 9.19414 8.97686 9.22079 8.97368 8.97223 8.74086 9.27607 8.77712 9.09089 9.4643 9.03301 9.49941 9.28438 9.17699 8.9204 8.84355 9.37459 8.96025 8.98866 9.2314 8.86215 8.83955 9.00738 9.25553 9.54524 8.652 9.01606 9.26178 9.04449 9.33156 9.08749 9.5798 9.20011 9.15416 9.17082 9.11663 8.83426 9.22176 8.94416 9.19958 9.07399 9.13416 8.98831 9.31275 9.26463 8.98211 9.51726 0 8.79253 8.80555 8.95658 9.27163 9.14279 8.77707 9.06551 8.84919 9.25999 9.04521 9.64346 9.14013 8.96916 9.21647 9.49892 9.11898 9.31743 9.40006 8.92786 9.24121 8.91853 9.21456 9.22486 9.33634 9.26671 8.78785 9.46143 9.3338 9.18482 8.98236 9.25944 8.67854 9.40779 8.94329 9.61759 9.02608 9.25478 8.79416 9.24294 8.79104 9.23293 9.06157 9.18443 9.33724 8.97023 9.17939 9.05671 9.14762 9.27196 8.97053 
